7.57	1063.48
8.74	1040.68
8.46	1088.69
11.18	1024.39
11.79	1110.35
14.24	1008.18
17.24	1128.72
18.36	991.26
22.45	973.35
22.74	1063.36
24.21	1039.68
24.26	1090.58
24.63	1146.21
27.45	957.7
28.22	1112.78
29.19	1014.81
30.79	1034.79
32.45	941.75
33.58	1161.54
34.61	996.34
36.89	1129.89
38.26	975.74
38.45	925.26
37.61	1062.87
40.43	1041.79
39.17	1090.61
43.36	1147
43.07	1113.5
44.83	957.44
43.46	1177.1
44.6	910.3
44.13	1019.04
50.17	941.78
49.55	1194.64
50.55	894.85
50.55	999.85
52.29	980.18
52.93	1161.5
52.74	1069.91
53.58	1129.46
54.02	1038.31
54.75	1056.5
54.02	1097.94
55.5	1212.07
56.79	880.12
57.31	926.07
59.86	964.68
61.44	1146.75
62.43	1113.5
61.75	1019.35
61.55	1227.82
60	10.58
63.5	864.88
63.85	909.9
63.94	1179.54
65.5	1199.6
65.41	995.28
65.29	295.5
66.98	948.45
67	24.45
67.97	274.03
67.75	1081.11
68.74	1244.16
68.41	317.98
68.75	1049.04
68.25	1065.25
70.72	849.41
71.62	892.63
72.07	1162.36
73.06	1210.39
72.45	257.64
73.12	980.26
73.37	44.11
73.77	933.27
72.74	1130.5
74.46	1100.85
74.98	336.58
75.74	1019.5
78.13	1041.5
77.17	62.86
77.55	240.55
78.72	833.41
79.5	910.83
80.06	1226.39
79.72	876.41
81.03	1148.85
79.72	1191.41
79.61	1262.7
80.72	964.41
81.24	79.92
83.56	1115
81.5	25.5
82.5	224.91
81.96	301.86
84.32	278.5
83.31	352.73
83.62	1078.63
84.63	1243.23
84.17	97.17
84.72	1001.41
83.91	1057.5
86.19	324.19
86.15	852.95
86.72	817.41
88.56	895
86.77	1167.05
88.56	1210
87.17	114.19
87.35	202.31
87.7	261.65
89.07	980.5
88.79	40.6
87.74	935.5
89.83	956.83
90.32	1131.15
89.03	130.91
91.03	1098.85
90.5	184.17
91.66	148.21
91.72	370.02
91.77	1022.23
90.5	1041.63
92.66	58.92
91.94	165.75
95.56	836.5
94.5	911.28
95.06	1226.83
93.02	1277.41
94.72	801.85
94.72	876.85
96.03	1149.44
94.72	1191.85
97.56	967.75
96.66	76.29
98.7	1114.97
96.5	1259.89
97.5	223.94
96.5	244.37
96.96	297.68
99.19	278.12
97.96	343.21
98.63	1078.76
99.07	1243.21
99.5	93.56
99.73	1001.64
98.91	1058.38
100.5	319.06
101.15	854.1
103.7	820.57
103.7	895.57
101.79	1167.74
103.7	1210.57
102.5	110.22
102.75	259.1
102.73	786.05
104.07	982
102.5	37.7
103.17	389.04
102.71	936.39
104.83	956.72
104.91	1131.85
104.26	126.97
105.68	1099.56
104.96	182.14
104.5	203.83
106.26	143.09
106.72	364.89
106.45	1023.18
105.5	1042.23
107.66	52.45
106.94	159.25
110.13	837.38
109.08	912.97
109.67	1227.83
107.96	1284.29
111.13	805.5
109.73	878
110.68	1150.21
109.73	1182.09
110.83	1200.61
110.73	771.14
112.13	968.63
111.66	69.76
113.03	1115.97
111.36	1262.07
112.77	218.73
111.5	237.77
113.35	277.5
112.5	298.37
112.96	336.68
113.63	1080.93
113.86	1244.71
114.5	86.94
114.73	1003.82
114.73	1052.91
113.75	1067
115.26	313.15
115.79	856.07
118.13	822.75
118.13	897.75
118.13	1212.75
117.5	103.61
117.75	252.5
119.03	790.03
118.44	983.44
119.38	1164.38
117.67	385.93
118.72	756.02
117.74	938.19
119.83	959.28
119.83	1133.44
119.26	120.26
119.96	175.46
119.5	197.17
119.86	407.84
121.91	1100.68
121.26	136.32
121.72	358.11
121.45	1025.73
121.5	48.23
121.94	152.5
125.03	839.21
124.34	914.34
124.61	1229.66
122.53	1288.48
126.03	807.38
124.72	880.15
124.46	1184.54
125.83	1203.39
126.66	62.87
128.26	774.26
128.26	969.26
128.26	1149.26
126.35	1265.4
127.77	211.82
126.5	230.9
127.63	740
128.83	1117.22
128.35	270.54
127.5	291.43
127.96	329.71
128.72	1082.98
128.7	1247.97
129.5	80
129.63	419.63
129.72	1006.15
129.72	1040.07
128.5	1060.3
128.83	1069.5
130.26	306.15
131.1	858.7
132.5	96.61
132.75	245.5
134.17	822.72
134.17	897.72
133.3	986.77
134.17	1212.72
133.17	377.8
134.83	791.5
132.74	941.19
134.83	1166.5
134.26	113.26
136.03	759.62
136.03	1134.62
134.96	168.46
134.5	190.17
135.26	398.79
136.26	129.32
136.72	351.11
136.63	724.04
138.17	1100.72
136.94	145.5
139.68	843.21
139.03	918.29
139.29	1233.61
137.53	1291.76
139.45	1187.4
140.5	58.23
143.17	806.94
141.63	880.25
141.72	958.93
142.5	978.1
141.36	1268.31
142.77	204.64
141.5	223.77
144.17	775.11
144.17	1150.11
143.35	263.31
142.5	284.23
142.96	322.5
144.85	743.15
144.85	1118.15
143.86	1251
144.5	72.78
144.04	415.87
143.74	1011.84
143.5	1033.83
143.5	1048.83
143.5	1063.83
143.5	1078.83
145.26	298.85
145.63	708.17
146.56	859.26
146.29	435.16
147.5	89.22
147.75	238.1
148.5	827.44
148.5	902.44
148.3	990.3
147.42	1203.13
148.5	1222.4
148.17	370.43
149.5	1170.72
149.26	105.85
149.96	161.04
149.5	182.77
150.26	391.38
152.17	790.94
150.63	939.29
151.26	121.85
151.72	343.63
152.71	759.13
151.46	1091.72
152.71	1134.13
151.94	138.06
153.91	729.03
154.3	919.77
154.29	1237.13
152.5	1294.63
154.63	692.25
155.83	844.5
156.5	446.82
157.5	810.91
156.59	883.11
156.14	962.91
157.5	980.1
158.21	1184.62
156.36	1271.83
157.77	196.91
156.5	216.1
158.5	1154.89
158.35	255.62
157.5	276.57
157.96	314.82
158.77	1108.91
158.86	1254.57
158.5	67.03
159.63	406.92
161.17	775.22
158.74	1015.4
158.5	1037.37
158.5	1052.37
158.5	1067.37
160.26	291.09
161.69	713.69
162.21	742.62
161.21	863.56
161.26	426.56
162.5	81.39
162.75	230.25
163.18	905.71
162.94	993.63
162	1207.46
163.5	1226.1
163.17	362.54
163.63	676.54
164.45	828.55
164.26	97.97
164.96	153
164.5	174.77
164.94	383.5
166.5	795.89
165.63	943.04
167.17	1169.72
166.26	113.79
166.72	336.46
166.46	1080.37
166.72	1124.93
167.5	1144.1
166.94	129.88
169.72	758.56
169.3	923.5
169.28	1240.22
167.91	1296.7
170.5	698.89
170.97	727.13
170.5	848.89
170.5	446.67
171.63	887.54
171.2	967.11
172.5	985.4
172.5	1190.39
171.36	1275.6
172.77	188.77
171.5	207.8
172.59	660.11
173.85	812.26
168.13	248.38
166	265.5
167.93	310.64
173.77	1097.73
173.57	1258.03
174.18	402.38
175.18	779.71
173.74	1019.12
173.5	1041.1
173.5	1056.1
176.17	1153.94
176.21	867.26
176.55	425.61
176.5	75.17
172.8	224.15
178.5	461.66
179.17	743.72
178.5	909.89
178.3	997.77
177.2	1211.63
178.5	1229.9
177.96	366.11
179.18	682.71
179.18	832.71
179.26	89.62
179.96	144.75
179.5	166.5
180.59	946.02
181.5	1173.79
181.26	105.44
175.5	340.7
176	349.5
181.63	644.96
182.83	797.22
181.46	1069.11
181.72	1113.63
180.93	1133.43
181.94	121.63
183.43	384.17
184.5	764.17
184.3	927.03
184.29	1244.39
182.93	1297.13
184.2	704.24
183.93	723.07
185.5	852.44
186.63	891.08
186	970.33
187.5	988.9
187.18	1193.55
186.45	1278.8
187.65	181.85
181.5	200.22
188.5	667.11
188.5	817.11
188.88	444.71
188.77	1086.14
188.86	1261.79
189.5	402.54
188.71	1023.18
188.5	1044.63
189.73	1145.18
190.5	1163.6
190.63	628.96
191.83	781.22
191.21	870.68
191.44	422.81
192.61	469.82
192.72	734.02
193.5	753.2
193.5	913.17
193.06	1001.44
192.2	1214.93
193.5	1233.2
189.93	372.93
194.5	686.33
194.5	836.33
193.5	82.23
194.96	135.86
194.5	157.63
195.63	950
196.5	1177.78
196.26	96.56
197.5	651
197.5	801
196.46	1057.33
196.72	1101.89
195.5	1122.1
196.94	112.69
199.3	930.23
199.29	1247.66
197.82	1296.74
199.63	613.37
199.5	706.95
200.91	765.91
200.5	855.61
201.63	894.21
201.2	973.8
202.5	992
202.5	1197
201.8	1282.47
201.14	170.05
200.5	387.58
203.5	670.22
203.5	820.22
202.92	443.31
203.79	1075.02
203.86	1264.86
204.33	403.28
203.71	1026.18
204.73	1133.14
203.5	1152.63
205.5	1166.5
206.5	634.67
206.5	784.67
206.21	873.56
206.5	421.28
207.75	466.25
206.5	481.73
207.72	598.07
207.72	721.98
206.5	742.23
208.83	756.28
208.5	916.11
208.06	1004.44
207.2	1217.93
208.5	1236.1
209.5	689.28
209.5	839.28
209.96	126.36
209.5	148.17
210.63	953.33
211.5	1180.5
210.5	88.5
212.5	653.61
212.5	803.61
211.46	1045.02
212.83	1063.83
211.72	1089.54
210.5	1109.83
211.94	103.06
214.06	933.25
214.29	1250.18
215.91	618.32
215.91	768.32
215.5	858.06
213.82	1294
216.63	582.15
218.26	703.91
216.63	897.15
216.2	976.2
217.5	994.3
217.5	1199.28
216.83	156.92
218.5	672.44
218.5	822.44
218.17	441.72
218	1272.21
220.79	1289.79
218.5	403.57
219.73	1120.36
218.5	1139.97
218.5	1154.97
220.5	1168.7
221.5	636.78
221.5	786.78
220.94	876.11
220.63	1024.59
221.26	418.5
222.66	462.92
220.25	482.45
223.68	602.62
222.2	724.76
221.5	744.17
223.83	758.06
223.5	917.83
223.07	1005.07
222.2	1219.76
223.5	1237.9
224.5	840.83
224.73	566.55
226.13	688.88
224.96	116.07
224.5	137.9
225.63	954.85
226.5	1181.89
227.5	654.94
227.5	804.94
226.2	1047.02
225.5	1066.43
225.5	1081.43
225.5	1096.43
226.5	93.5
227.75	491.85
229.06	934.38
229.25	1252
230.83	620
230.83	770
230.45	859.76
232.83	586
232.83	706
231.63	898.63
231.21	977.58
232.5	996.5
232.45	1200.76
232.77	147.45
232.72	551.41
233.61	673.61
233.45	823.76
233.17	434.54
233.21	1273.5
232.06	1290.84
234.72	1106.15
233.5	1126.37
233.5	1141.37
233.5	1156.37
235.5	1170.3
236.83	637.67
236.83	787.67
236.32	876.26
235.63	1025.37
235.29	281.6
235.5	412.03
237.2	304.32
237.66	454.55
236.5	472.37
239.03	604.21
237.46	726.11
236.5	745.7
238.83	760.17
238.83	919.33
238.58	1006.04
237.46	1221.11
238.5	1239.8
239.83	843
241.56	572.13
241.56	692.13
240.35	105.54
239.5	126.7
240.55	263.34
240.77	538.45
240.67	958.54
241.83	1186.06
242.83	660.44
242.83	810.44
241.46	1051.33
240.5	1070.1
240.5	1085.1
241.5	97
242.55	317.76
241.39	488.95
244.39	934.5
244.67	1249.06
246.32	618.15
246.32	768.15
245.91	858.62
248.32	588.15
248.32	708.15
246.63	900.75
246.45	979.86
247.5	998.9
247.91	1203.32
247.13	139.04
247.77	524.77
249.56	557.69
249.13	677.75
248.91	828.15
248.17	423.13
247.74	1276.26
241	1288.5
249.72	1099.76
248.5	1119.83
248.5	1134.83
248.5	1149.83
248.5	1164.83
250.5	253.26
250.72	499.84
250.79	635.83
250.79	785.83
250.79	875.83
250.77	1025.36
251.35	285.15
252.33	442.61
251.5	460.03
252.5	726.4
251.5	745.03
251.96	1009.19
252.5	1221.4
255.63	108.63
254.96	326.52
254.33	949.98
254.79	1178.32
255.63	654.13
255.63	804.13
255.63	1044.13
255.5	1060.03
255.5	1075.03
255	98.83
257.66	303.97
256.5	475.03
258.77	929.64
258.77	1244.64
257.5	1262
259.72	614.93
259.72	764.93
259.72	854.93
261.5	585.46
258.79	599.21
261.5	705.46
261.5	900.46
259.63	915.38
261.5	975.46
260.5	994.63
261.5	1200.46
260.83	135.61
262.35	525.69
261.5	545.5
261.5	560.5
258.5	568.1
262.35	675.69
258.5	688.1
262.35	825.69
260.93	841.07
263.17	420.83
261.19	1273.78
263.96	1095.96
263.5	1117.1
263.5	1132.1
263.5	1147.1
263.5	1162.1
264.5	249.97
264.5	264.97
264.74	496.09
267.25	514.5
265.79	633.64
265.79	783.64
265.79	873.64
267.5	890.3
265.94	280.19
266.77	296.68
266.72	1033.67
267.62	448.88
266.5	467.5
267.62	733.88
266.57	752.07
266.94	1014.31
267.62	1228.88
270.5	116.67
268.15	317.63
270.62	958.17
270.62	1183.17
271.62	657.88
271.62	807.88
271.75	1051.95
270.5	1070.57
272.17	1083.83
272.26	100.85
275.04	479.27
273.5	939.06
273.5	1255.88
274.72	146.87
275.74	597.98
276.75	619.17
276.62	716.04
275.74	912.98
278.25	930.75
275.74	987.98
277.5	1008.6
276.62	1211.04
277.9	131.37
277.35	536.46
276.5	556.43
276.5	571.43
273.5	579.5
277.35	686.46
273.5	699.5
277.35	836.46
276.5	856.43
278.17	416.43
277.79	436.71
278.96	1106.39
278.5	1127.63
278.5	1142.63
278.5	1157.63
279.77	1171.32
275.5	263.93
279.74	506.29
282.25	524
280.62	639.25
279.74	776.29
281.5	796.7
280.5	870.33
279.5	888.17
282.5	899.7
277.5	280.11
277.28	294.78
275.5	307.2
282.5	458.66
281.96	744.89
281.5	760.5
282.35	1029.08
282.62	1238.08
285.62	966.5
285.62	1191.5
286.62	665.88
286.62	815.88
285.96	1057.61
285.5	1078.9
287.17	1091.5
286.74	103.67
288.14	124.77
287.77	484.27
288.5	946.44
281.5	1256.5
289.6	150.37
290.74	604.78
291.75	625.58
291.62	722.54
290.74	919.78
293.25	937
290.74	994.78
292.5	1014.8
291.62	1217.54
291.96	543.61
291.5	564.97
291.5	579.97
289.5	588.17
291.96	693.61
289.5	708.17
292.17	843.17
292.74	408.29
292.5	430.23
293.75	444.08
293.74	1112.5
293.5	1134.43
293.5	1149.43
293.5	1164.43
295.5	1177.4
294.96	511.25
295.5	527.5
295.62	644.38
294.96	781.25
295.77	800.86
294.96	871.25
294.5	892.63
296	903.17
297.5	463.14
296.74	750.02
298.5	765.83
297.35	1033.62
296.5	1235.73
300.62	969.88
300.62	1194.88
301.62	668.92
301.62	818.92
300.74	1061.4
300.5	1083.37
303.13	1094.88
301.74	98.91
301.5	120.77
301.5	135.77
302.77	486.86
303.15	949.32
303.5	157.82
305.74	607.12
306.75	627.75
306.62	724.75
305.74	922.12
308.5	940.5
305.74	997.12
307.5	1016.9
306.37	1218.52
306.54	546.54
306.5	567.97
306.5	582.97
308.5	595.17
306.54	696.54
308.5	715.17
306.96	845.58
307.54	395.32
307.5	416.77
307.5	431.77
308.75	445.33
308.74	1114.6
308.5	1136.57
308.5	1151.57
308.5	1166.57
310.5	1179.6
309.57	513.89
312.5	532.67
310.36	647.09
309.57	783.89
311.5	803.2
309.43	874.43
309.5	895.3
312.5	907.67
313.4	173.67
312.42	465.5
311.71	752.14
314.1	770.9
312.34	1035.78
315.5	971.78
315.54	1197.63
316.38	671.46
316.38	821.46
315.54	1063.54
315.5	1083.9
317.5	1097.3
316.96	92.39
316.5	113.63
316.5	128.63
316.5	143.63
317.4	490.79
318.87	950.76
320.91	379.57
320.68	620.04
321.04	920.38
322.5	938.07
320.79	996.88
321.35	1015.65
320.67	1218.74
322.12	543.38
321.5	564.63
321.5	579.63
321.5	594.63
322.25	604
321.79	695
321.5	714.63
321.93	729.14
321.79	845
322.35	863.73
322.71	407.21
322.5	428.7
322.5	443.7
324.18	1110.82
323.5	1131.63
323.5	1146.63
323.5	1161.63
323.93	1176.14
325.17	510.46
326.07	527.36
325.02	644.54
324.94	793.57
324.72	884.54
325.94	903.06
326.74	163.43
326.06	185.47
326.66	461.94
328.14	480.59
326.66	746.94
326.5	766.9
328.17	777.83
326.79	1032.33
327.75	1050.75
328.44	200.32
330.62	363.21
330.62	978.21
330.18	1191.54
331.42	1212.29
331.02	664.28
332.5	682.8
331.02	814.28
332.5	832.8
330.75	1069.17
330.96	1087.81
331.74	86.16
331.5	108.03
331.5	123.03
331.5	138.03
334.5	150.17
334.74	494.21
333.21	956.02
337.15	384.4
336.27	621.27
335.98	922.39
336.1	941.4
336.79	999.83
336.75	1018
337.37	216.07
337.7	347.75
336.81	545.42
336.5	565.97
336.5	580.97
336.5	595.97
336.7	606.1
337.55	697.74
336.5	715.97
337.35	730.5
337.55	847.74
336.93	865.64
337.7	408.94
337.5	428.63
337.93	443.36
338.62	1105.65
338.5	1126.43
338.5	1141.43
338.5	1156.43
339.58	1169.75
340.3	1219.1
340.15	517.73
340.83	639.72
340.46	786.94
339.82	881.23
339.71	899.86
341.96	171.39
341.5	192.63
342.3	231.8
342.36	331.09
342.55	457.7
341.5	475.97
341.74	754.02
340.67	772
341.98	1040.17
342.75	1061.58
346.76	364.76
345.93	978.85
344.93	1190.11
346.38	1209.5
345.93	247.45
345.79	311.63
346.75	661.2
345.5	677.97
346.75	811.2
345.5	827.97
346.4	1080.6
347.83	1099.94
346.96	79.32
346.5	100.57
346.5	115.57
346.5	130.57
346.5	145.57
348.21	157.64
348.26	264.21
347.5	281.17
349.14	295.14
348.72	496.89
348.5	959.28
350.96	392.68
350.96	917.68
350.5	938.9
351.5	949.5
350.96	1007.68
351.77	1027.68
352.5	211.1
351.74	542.64
351.5	564.5
351.5	579.5
351.5	594.5
351.5	609.5
352.35	624.04
352	694.04
351.5	714.5
351.5	729.5
353.14	743.5
352	844.04
352.35	864.04
353.17	421.5
352.79	441.79
354.72	1112.76
353.5	1132.77
353.5	1147.77
353.5	1162.77
354.77	1176.59
354.42	1228.17
355.5	521.5
355.63	644.54
355.63	794.54
354.74	886.5
357.5	905.3
356.74	180.78
359.5	200.17
357.17	345.06
356.74	465.78
358.5	486.4
356.74	765.78
358.5	783.17
356.74	1050.78
357.75	1071.92
360.63	372.79
360.63	987.79
359.74	1199.71
360.96	238.96
360.96	313.96
362	331.67
361.63	672.42
361.63	822.42
361.77	1091.5
361.74	73.98
361.5	95.83
361.5	110.83
361.5	125.83
361.5	140.83
361.5	155.83
364.5	168.33
363.17	267.94
362.5	288.5
361.5	297.9
363.72	506.33
363.5	968.67
366.17	402.02
366.17	927.02
365.5	947.57
365.5	958.17
366.17	1017.02
366.25	1036.58
367.79	219.21
366.96	552.11
366.5	573.3
366.5	588.3
366.5	603.3
366.5	618.3
366.86	633.07
366.96	702.11
366.5	723.3
366.5	738.3
367.5	752.5
366.96	852.11
366.86	873.07
366.9	1243.57
368.26	422.21
367.5	439.03
368.75	453.42
369.17	1121.17
368.5	1141.7
368.5	1156.7
368.5	1171.7
369.25	1185.75
369.26	1221.26
370.5	531.67
370.63	654.75
370.63	804.75
369.96	896.25
371	914.17
372.17	190.39
372.38	208.13
372.17	355.39
372.17	475.39
372.25	495
372.17	775.39
370.5	790.3
372.17	1060.39
371.79	1080.64
375.63	383.63
375.63	998.63
375.79	1207.26
375.35	1259.17
376.17	249.54
376.17	324.54
376.07	341.64
376.63	683.42
376.63	833.42
376.77	1102.55
376.96	69.68
376.5	90.83
376.5	105.83
376.5	120.83
376.5	135.83
376.5	150.83
376.5	165.83
378.21	178.36
378.26	269.85
377.5	286.63
377.5	301.63
379.5	312.5
378.72	517.63
378.5	979.94
380.96	939.04
380.5	960.17
381.5	971.3
380.96	1029.04
381.77	1049.32
382.79	231.17
381.74	564.22
381.5	586.03
381.5	601.03
381.5	616.03
381.5	631.03
382.35	645.81
381.74	714.22
381.5	736.03
381.5	751.03
383.14	765.5
381.74	864.22
382.35	885.81
382.83	1275.93
383.63	412.38
382.5	430.9
382.5	445.9
382.5	460.9
384.5	1132.62
383.5	1151.77
383.5	1166.77
383.5	1181.77
383.64	1196.43
384.63	1237.25
385.5	544
385.63	667.13
385.63	817.13
385.35	907.85
384.5	924.25
386.96	203.25
388.21	221.93
387.17	367.94
387.66	476.45
386.5	494.37
387.77	508.59
386.96	788.25
386.5	804
386.96	1073.25
387.19	1094.04
390.77	395.64
390.77	1010.64
390.79	1220.17
391.72	336.02
389.95	351.59
391.72	696.02
391.72	846.02
391.77	1115.59
392.63	66.38
391.5	84.9
391.5	99.9
391.5	114.9
391.5	129.9
391.5	144.9
391.5	159.9
391.5	174.9
391.32	187.86
393.25	261.38
392.5	279.9
392.5	294.9
392.5	309.9
390.79	318.5
393.45	530.55
393.15	992.62
395.34	1287.7
395.65	951
395.5	970.9
397	979
396.45	1028.03
395.5	1045.9
396.77	1059.23
396.88	241.56
396.5	575.5
396.5	596.1
396.5	611.1
396.5	626.1
396.5	641.1
397.35	655.42
397.55	712.61
396.5	731.1
396.5	746.1
396.5	761.1
398.14	774.5
397.55	862.61
396.5	881.1
397.35	895.42
397.5	1260.5
398.79	419.26
397.5	437.63
397.5	452.63
399.77	1139.91
398.5	1158.57
398.5	1173.57
398.5	1188.57
398.5	1203.57
399.34	1243.71
400.45	553.35
400.72	674.54
400.72	824.54
400.72	914.54
399.12	932.96
402.91	206.67
401.1	227.6
402.5	374.78
402.66	467.61
401.5	484.9
401.5	499.9
401.5	514.9
402.5	794.78
399.79	812.93
402.5	1079.78
401.5	1099.9
405.5	393.67
406.17	411.28
405.79	1217.02
406.25	1235.25
405.08	345.69
408.5	365.5
407.5	691.72
407.5	841.72
406.66	1113.45
408.13	1131.13
406.5	61.83
406.5	76.83
406.5	91.83
406.5	106.83
406.5	121.83
406.5	136.83
406.5	151.83
406.5	166.83
406.5	181.83
407.22	1005.5
401	256.25
400.5	271.5
400.5	286.5
401.5	306.5
403	323
408.7	529.55
408.79	986.29
409.53	1290.82
411.15	951.12
410.79	971.43
411.36	1028.83
410.5	1046.9
410.79	1061.43
411.91	579.83
411.5	600.97
411.5	615.97
411.5	630.97
411.5	645.97
411.86	660.79
412.14	715.86
411.5	735.97
411.5	750.97
411.5	765.97
412.19	780.27
412.14	865.86
411.5	885.97
411.86	900.79
412.39	1266.34
412.64	434.32
413.75	455.5
414.41	1144.98
413.5	1164.5
413.5	1179.5
413.71	1194
414.94	1246.28
415.2	548.8
415.83	563.83
414.65	921.98
417.38	673.21
416.6	194.6
410	216.88
416.54	478.18
416.5	499.7
417.77	513.32
417.17	796.45
416.5	814.7
417.75	829.75
416.79	1080.12
417.75	1099.75
420.88	1299.22
419.75	382.46
419.5	403.97
420	417.83
420.54	1209.63
419.57	1228.5
416.5	361.36
421.67	697.76
422.02	848.79
421.13	1119.33
421.5	64.83
421.5	79.83
421.5	94.83
421.5	109.83
421.5	124.83
421.5	139.83
421.5	154.83
421.94	170.59
424	524.95
423.15	989.77
422.5	1010.43
425.68	949.82
425.5	969.75
426.23	1027.59
425.5	1046.37
425.64	1061.14
427.12	577.15
426.5	597.9
426.5	612.9
426.5	627.9
426.5	642.9
427.19	657.96
426.68	726.32
426.5	747.9
426.5	762.9
426.71	777.79
426.68	876.32
426.5	897.9
427.35	913.27
426.91	1266.76
427	1287.08
428.64	431.09
427.5	450.37
427.79	465.43
429.64	1137.41
428.5	1156.77
428.5	1171.77
428.5	1186.77
429.5	1240.98
429.38	550.38
430.5	926.83
431.38	675.63
431.5	176.41
432.46	483.54
431.5	502.77
432.18	797.7
431.5	817.77
431.5	832.77
432	1082.23
431.5	1102.77
434.13	1300.9
433	387.75
434.5	401.5
435.05	415.95
435.18	1206.34
434.68	1225.59
436.14	700.27
437.5	719.9
436.25	851.3
437.5	869.9
436.81	1120.63
436.5	69.7
436.5	84.7
436.5	99.7
436.5	114.7
436.5	129.7
436.5	144.7
437.45	161.82
438.37	522.89
438	542.08
437.92	986.35
437.5	1006.77
441.35	945.38
440.5	965.83
441.66	1023.76
440.5	1040.83
440.5	1055.83
440.88	1071.12
442.17	570.8
441.5	591.77
441.5	606.77
441.5	621.77
441.5	636.77
441.5	651.77
442.75	668
442.72	737.67
441.5	756.77
441.5	771.77
442.04	787.19
442.72	887.67
441.5	906.77
441.96	1260.29
441.5	1281.77
443.83	1298.33
443.35	437.15
442.5	457.7
443.19	473.27
444.5	1143.5
443.5	1163.63
443.5	1178.63
443.88	1193.88
445.5	922.89
446.66	683.13
447.66	488.92
446.5	506.17
447.75	803.4
446.5	821.17
446.5	836.17
447.79	1087.88
446.5	1106.17
447.17	1235.02
450.05	1302.59
449.5	403.37
449.5	418.37
450.79	1210.02
451.75	701.2
450.5	719.1
451.66	851.71
450.5	869.1
451.66	1121.71
451.5	75.83
451.5	90.83
451.5	105.83
451.5	120.83
451.5	135.83
450.65	154.88
451.74	547.78
453.79	522.02
453.17	984.28
452.5	1005.5
456.35	941.54
455.5	962.37
456.5	1020.44
455.5	1037.37
455.5	1052.37
455.5	1067.37
457.75	569.9
456.5	587.97
456.5	602.97
456.5	617.97
456.5	632.97
456.5	647.97
456.5	662.97
457.79	734.4
456.5	752.97
456.5	767.97
456.5	782.97
457.79	884.4
456.5	902.97
457.5	1257.54
456.5	1277.97
456.57	1293
458.72	434.02
457.5	453.57
457.5	468.57
459.72	1139.54
458.5	1159.1
458.5	1174.1
458.5	1189.1
460.5	917.56
461.66	677.5
462.66	482.92
461.5	500.57
462.75	797.4
461.5	815.57
461.5	830.57
462.79	1081.88
461.5	1100.57
462.17	1229.24
462.39	278.25
463.98	300.83
463.5	1301.03
464.5	411.9
465.79	1203.5
466.75	694.9
465.5	712.9
466.66	845.5
465.5	862.9
466.66	1115.5
466.5	82.5
466.5	97.5
466.5	112.5
466.5	127.5
466.04	147.05
467.66	261.82
466.74	541.67
468.79	512.47
468.17	978.54
467.5	999.77
469.75	314.35
471.18	935.02
470.5	955.37
471.26	1013.56
470.5	1030.37
470.5	1045.37
470.5	1060.37
472.75	563.85
471.5	581.83
471.5	596.83
471.5	611.83
471.5	626.83
471.5	641.83
471.5	656.83
472.79	728.55
471.5	746.83
471.5	761.83
471.5	776.83
472.79	878.55
471.5	896.83
472.5	1251.62
471.5	1271.83
471.81	1287.38
473.72	424.76
472.5	444.63
472.5	459.63
474.72	1133.89
473.5	1153.17
473.5	1168.17
473.5	1183.17
475.5	912.39
476.63	249.83
476.33	672.39
477.66	472.61
476.5	490.57
477.5	791.71
476.5	809.3
476.5	824.3
477.45	1075.83
476.5	1094.3
476.98	1224.22
479.5	294.54
479.91	1296.26
480.45	1200.17
481.18	693.74
481.25	713.33
481.18	843.74
481.25	863.33
481.79	1112.07
481.5	89.03
481.5	104.03
481.5	119.03
480.39	136.45
482.15	275.21
481.96	323.16
477.5	551.5
483.41	501.36
483.06	966.62
482.5	986.83
483.35	1002.12
485.91	145.32
486.42	929.06
485.32	947.41
486.25	1019.71
485.5	1039.5
485.64	1054
484.5	574.5
486.5	592.1
486.5	607.1
486.5	622.1
486.5	637.1
486.5	652.1
486.79	735.54
486.5	757.1
486.71	771.79
486.79	885.54
487.23	1246.35
486.5	1267.1
486.88	1281.27
487.5	416.5
487.5	431.5
487.5	446.5
489.58	1132.13
488.5	1152.3
488.5	1167.3
488.88	1181.5
490.67	907.5
490.5	246.03
490.5	261.03
491.38	671.29
492.26	463.03
491.5	478.37
491.79	793.64
491.5	815.17
492.19	830.19
492.79	1066.31
491.5	1085.17
492.19	1100.19
492.32	1225.5
493.96	301.41
494.4	1290.47
495.79	1194.31
494.5	1210.17
495.79	699.29
496.25	719.83
496.04	850.23
496.25	869.83
496.5	94.7
496.5	109.7
496.5	124.7
497.55	276.6
494.58	319.29
497.46	495.96
498.17	959.94
497.5	981.17
497.5	996.17
499.5	1111
500.05	143.83
500.8	934.24
501.25	1014.5
500.5	1034.23
501.25	1048.25
497	601.83
500	617.33
501.5	631.9
501.5	646.9
502.75	662.25
502.79	733.07
501.5	751.9
501.5	766.9
502.5	781.58
502.79	883.07
501.96	1255.32
502.25	1275.92
502.96	421.46
502.5	442.63
503.19	457.19
504.65	1127.9
503.5	1146.3
503.5	1161.3
504.25	1175.08
505.25	905.25
505.5	922.75
501.17	257.33
506.5	680.55
507.63	478.67
506.65	803.31
506.5	824.37
507.75	839.5
507.65	1060.95
506.5	1079.37
507.25	1093.17
507.04	1223.62
508.93	1242.5
504.2	297.65
509.56	1284.64
510.5	1188.74
509.9	1204.9
511.12	707.73
511.46	858.71
511.5	98.77
511.5	113.77
506.36	277.86
512.57	491.4
513.17	955.13
512.5	976.37
512.5	991.37
514.29	1105.97
515.5	127.06
514.04	148.98
516.25	1009.46
515.5	1029.23
516.25	1043.17
512	642.17
515	657.5
517.75	672.17
517.79	727.98
516.5	746.9
516.5	761.9
516.5	776.9
517.5	791.5
517.79	877.98
517.8	932.55
517.28	1264.13
517.74	415.6
517.5	437.5
517.5	452.5
518.75	466.58
519.79	1123.17
518.5	1142.1
518.5	1157.1
519.25	1171.08
520.25	899.88
519.5	916.72
521.63	690.72
521.79	813.29
521.5	834.83
522.75	850.08
522.79	1055.88
521.5	1074.83
522.25	1088.75
522.17	1218.57
521.5	1239.83
523.93	1253.79
524.44	1277.94
525.79	1183.55
524.5	1199.61
526.5	100.5
526.93	480.96
528.67	707.5
528.59	154.84
529.68	861.38
527.61	964.06
527.5	985.1
529.32	1100.44
529.5	115.5
529.5	130.5
531.25	1003.88
530.5	1023.57
531.25	1037.67
527.5	682.17
531.61	733.91
531.5	754.97
531.5	769.97
531.5	784.97
532.5	799.42
532.06	929.74
531.9	947.9
532.74	404.33
532.5	426.3
532.5	441.3
532.5	456.3
536.3	470.15
534.79	876.98
534.79	1116.98
533.5	1135.77
533.5	1150.77
534.25	1164.75
535	1264.17
534.97	896.82
534.4	911.9
536.54	822.32
536.88	843.19
537.55	1050.5
536.5	1068.83
536.88	1083.19
536.96	1213.19
536.5	1233.83
536.4	1246.6
533.5	696.83
540.55	1177.4
539.68	1193.86
542.5	105.3
542.25	473.17
540.62	717.79
543.35	150.46
541.34	170.13
542.74	971.5
543.35	993.96
544.85	856.2
544.85	1096.2
545.5	124.5
544.5	136.5
545.93	1012.02
545.64	1029.64
546.7	742.14
546.5	762.1
546.5	777.1
546.5	792.1
546.71	806.93
546.5	935.61
547.2	955.5
547.61	390.54
547.5	411.97
547.5	426.97
547.5	441.97
547.5	456.97
550	466.08
548.96	1121.85
548.5	1142.3
548.64	1157
547.03	1261.12
549.75	882.82
549.5	904.3
550	918.25
552.72	181.69
551.94	828.28
551.74	1052.29
551.5	1074.3
551.74	1217.29
551.5	1239.3
552.5	1251.1
554.71	1178.43
554.75	1198.58
557.17	102.17
558.79	159.21
558.15	974.77
557.5	995.43
559.35	374.12
558.71	855.61
558.71	1095.61
560.35	130.77
558	145.17
561.23	1012.86
560.5	1031.57
558.5	749.39
561.5	763.17
561.5	778.17
561.5	793.17
561.5	808.17
562.12	937.5
561.68	956.14
562.04	197.02
562.9	400.14
562.5	420.3
562.5	435.3
562.75	450.59
560.67	461.29
564.12	1120.62
563.5	1141.3
563.5	1156.3
564.91	881.69
564.5	902.83
564.42	916.73
567.64	356.77
567.26	826.38
568.83	846.61
567.08	1051
566.5	1071.7
568.83	1086.61
567.08	1216
566.69	1235.63
561.5	1246.6
570	1177.08
568.59	1195.32
570.74	217.07
572.17	96.57
571.5	117.17
572.62	185.33
572.94	165.5
573.5	342.56
572.88	972.75
572.5	992.1
575.23	868.73
575.17	140.28
573.5	155.3
575.46	380.62
576.75	233.5
576.75	1008.75
575.5	1026.63
576.77	1042.59
577.66	328.5
576.5	772.3
576.5	787.3
576.5	802.3
578.14	818.5
577.17	931.17
576.5	952.3
577.5	1097.06
578.5	399.17
577.5	417.03
577.5	432.03
576.79	447.21
578.5	251.47
579.26	1116.44
578.5	1133.17
578.5	1148.17
578.88	1163.19
579.66	308.46
580.79	889.26
579.5	908.43
581.5	267.89
582.15	286.4
583.45	360.29
582.45	830.39
581.5	848.7
582.5	1054.85
581.5	1073.7
582.31	1205.48
576.94	1224.44
585.66	1181.13
586.5	209.26
586.96	89.96
586.5	111.23
586.86	125.93
586.94	188.94
587.94	173.5
587.74	974.5
588.35	995.88
589.62	867.04
589.74	148.88
591.5	165.83
591.17	237.57
590.74	1018.22
592.14	1039.05
592.5	341.26
591.96	777.39
591.5	798.63
592.19	813.04
591.96	927.39
591.5	948.63
593	960.48
591.96	1092.39
592.96	386.96
592.5	408.23
592.5	423.23
591.74	436.59
593.96	1121.46
593.5	1142.7
593.5	1157.7
594.77	1171.41
594.96	310.96
595.5	327.7
594.74	896.5
597.25	914
595.74	265.88
597.26	289.62
597.66	365.82
596.96	835.32
598	855
596.96	1059.82
598.21	1077.64
595.58	1199.54
600.28	1186.28
601.5	216.66
601.74	82.74
601.5	104.63
601.5	119.63
602.35	134.04
601.94	196.31
602.94	180.81
597.3	981.1
598	997.67
604.62	876
604.96	155.68
604.5	171.25
606.5	243.86
601.67	1024.67
604.25	1043.88
607.5	348.26
606.74	771.78
606.5	793.63
606.5	808.63
608.14	822.68
600	927.5
607	1098.92
607.74	394.4
607.5	416.3
607.06	427.38
608.93	1122.69
608.5	1140.7
608.5	1155.7
608.64	1170
609.74	318.26
612.25	336
605.4	899.5
610.96	272.25
611.94	292.81
613.5	303.83
612.66	372.45
611.96	844.54
613	864.2
610.9	1066.5
612.41	1083.05
612.83	1177.5
616.5	222.98
616.74	74.05
616.5	95.97
616.5	110.97
616.5	125.97
617.35	140.35
616.94	202.63
617.94	187.06
617.58	875.69
619.74	162.26
621.5	178.83
621.5	249.94
622.5	354.34
621.96	765.75
621.5	786.97
621.5	801.97
621.5	816.97
622.5	831.08
622.5	1100.9
622.96	399.96
620.29	417.14
624.26	1121.09
623.5	1137.5
623.5	1152.5
623.5	1164.43
624.74	324.12
627.25	341.5
626.74	277.91
626.5	299.83
628.5	309.83
627.66	378.29
626.96	853.59
620	864.5
626.5	1078.97
631.5	228.66
631.74	64.78
631.5	86.7
631.5	101.7
631.5	116.7
631.5	131.7
632.35	146.04
631.94	208.38
632.94	192.69
634.74	167.84
636.5	184.5
636.62	255
637.5	359.78
636.74	760.98
636.5	782.83
636.5	797.83
636.5	812.83
636.5	827.83
638.14	841.95
636.5	1095.5
637.5	397.17
638.94	1111.31
638.5	1126.43
638.92	1146.13
632.5	1155.17
639.74	329.57
642.25	347
641.96	282.82
641.5	304.17
641.5	313.75
642.66	382.87
641.5	853.73
642.66	1083.24
646.5	233.74
646.74	54.78
646.5	76.7
646.5	91.7
646.5	106.7
646.5	121.7
646.5	136.7
647.35	150.96
646.94	213.31
647.94	197.69
649.74	172.71
651.5	189.17
651.62	259.79
652.73	365.1
651.74	756.12
651.5	777.97
651.5	792.97
651.5	807.97
651.5	822.97
651.5	837.97
653.14	847.5
652.79	1100.83
654.17	1128.94
652.5	1146.17
654.74	334.22
657.25	351.5
656.74	287.78
656.5	309.7
658.5	319.17
654.68	381.77
657.75	1079.75
661.5	238.18
661.74	44.29
661.5	66.23
661.5	81.23
661.5	96.23
661.5	111.23
661.5	126.23
661.5	141.23
662.35	155.5
661.94	217.88
662.94	202.13
664.74	177.09
666.5	193.5
666.62	263.96
665.5	362.88
667.17	751.17
666.5	771.7
666.5	786.7
666.5	801.7
666.5	816.7
666.5	831.7
665.5	842.36
666.96	1108.96
668.5	1135.97
669.74	339.48
669.83	352.33
671.68	292.32
671.5	313.7
674.1	324.3
671.74	1076.88
674.5	1095.83
676.42	242.08
676.74	33.16
676.88	55.44
675.5	70.12
674	85.3
672.5	100.43
671	115.5
670.5	129.17
670	143.5
669.5	151.5
675.27	221.73
674.17	205.5
673.5	184.5
672.5	192.5
680.67	264.78
682.5	281.7
682.17	747.39
681.5	767.9
681.5	782.9
681.5	797.9
681.5	812.9
681.5	827.9
678.93	837.86
681.96	1116.14
683.5	1133.4
680.5	336.06
683.3	298.2
683.5	313.94
682.17	324.83
686.96	1068.04
686.5	1089.37
688.21	1100.93
683.5	243.5
691.13	18.9
685.67	41.33
697.5	743.14
696.5	762.37
696.5	777.37
696.5	792.37
696.5	807.37
696.5	822.27
691.17	829.83
696.96	1119.89
701.74	1058.29
701.5	1080.23
701.5	1095.23
704.5	1106.67
712.5	740.38
711.5	759.57
711.5	774.57
711.5	789.57
711.5	804.57
711.5	819.4
706.5	825.2
711.5	1117.53
716.74	1046.67
716.5	1068.63
716.5	1083.63
716.5	1098.63
720.5	1113.1
726.96	739.11
726.5	760.23
726.5	775.23
726.5	790.23
726.5	805.23
726.5	820.2
720	823
731.74	1033.91
731.5	1055.9
731.5	1070.9
731.5	1085.9
732.26	1101.62
730.07	1112.25
742.17	737.2
741.5	757.63
741.5	772.63
741.5	787.63
741.5	802.63
741.5	817.63
741.5	827.13
746.74	1019.5
746.5	1041.5
746.5	1056.5
746.5	1071.5
746.5	1086.5
746.06	1100.19
756.5	729.5
756.5	744.5
756.5	759.5
756.5	774.5
756.5	789.5
756.5	804.5
756.5	824.3
761.74	1004.91
761.5	1026.9
761.5	1041.9
761.5	1056.9
761.5	1071.9
762.45	1087.82
759.39	1097.06
771.5	729.5
771.5	744.5
771.5	759.5
771.5	774.5
771.5	789.5
771.5	804.5
771.04	825.2
775.57	989.68
776.57	1018.39
776.5	1039.83
776.5	1054.83
776.5	1069.83
776.06	1083.06
784.3	838.62
786.5	729.63
786.5	744.63
786.5	759.63
786.5	774.63
786.5	789.63
786.5	804.63
786.5	819.63
788.17	973.65
790.54	1001.38
791.74	1029.12
791.5	1051.1
791.63	1066.28
789.05	1076.86
796.59	846.76
799.34	957.5
801.5	730.97
801.5	745.97
801.5	760.97
801.5	775.97
801.5	790.97
801.5	805.97
801.5	820.97
803.2	981.46
805.12	862.79
805.94	1008.65
806.67	943
805.75	1035.38
807.75	1055.48
801.17	1067.08
810.45	879.07
812.5	831.62
812.5	921.62
813.5	895.22
809.5	911.9
816.5	733.37
816.5	748.37
816.5	763.37
816.5	778.37
816.5	793.37
816.5	808.37
817.63	952.96
817.94	972.63
817.5	988.5
820.72	848.93
821.5	1001.83
820.5	1019.1
824.19	935.44
822.32	1034.21
819.8	1051.15
825.75	866.5
827.5	819.66
828.5	883.44
827.5	900.7
827.5	915.7
831.5	736.7
831.5	751.7
831.5	766.7
831.5	781.7
831.5	796.7
833.35	955.85
832.5	976.97
835.72	837.63
836.5	990.56
835.5	1007.77
837.63	927.79
837.82	1024.34
833.97	1039.5
840.75	855.6
842.5	808.94
843.5	872.83
842.5	889.97
842.5	904.97
846.5	741.37
846.5	756.37
846.5	771.37
846.5	786.37
848.35	945.73
847.5	966.77
850.72	827.76
851.5	980.78
850.5	997.9
852.63	918.13
852.55	1015.24
847.4	1027.35
855.75	846.35
857.5	799.86
858.5	863.89
857.5	880.9
857.5	895.9
861.5	747.77
861.5	762.77
861.5	777.77
863.35	937.31
862.5	958.23
865.72	819.63
866.5	972.78
865.5	989.77
867.63	910.25
865.63	1007.04
870.75	838.85
872.5	792.58
873.5	856.67
872.5	873.57
872.5	888.57
876.5	755.97
876.5	770.97
878.35	930.81
877.5	951.63
880.72	813.54
881.5	966.83
880.63	983.66
882.63	904.46
878.7	994.55
885.75	833.6
887.5	787.66
888.5	852
887.5	868.7
887.5	883.7
891.5	767.03
893.35	927.27
892.5	947.9
895.72	810.63
896.5	962.83
892.05	976.77
897.63	902.04
900.75	832
902.25	786.13
903.15	850.79
902.5	866.7
902.5	881.7
908.57	926.28
907	945.25
910.46	808.72
905.5	956.9
912.23	898.77
915.72	829.5
913.5	791.38
918.55	849.95
917.5	867.9
917.5	881.75
922.36	913.02
917.07	933
923.83	813.97
927.89	889.97
929.6	834.6
930	850.1
930.5	864.5
929.5	874.88
164.6	324.81
669.36	166.79
491.6	287.5
500.38	309.44
500.38	309.44
502.57	287.5

