4	155
8.3	157.3
11.67	158.25
14.33	160.08
18	158.25
18.1	162.7
19.33	71.33
19	76.25
19	80.25
19	84.25
19	88.25
19	92.25
19	96.25
19	100.25
19	104.25
20.21	63.57
20	68.5
20.3	108.4
21.3	57.4
21.21	164.57
22.17	52.67
22.33	113.5
22	159
23	73.67
23	78.75
23	82.75
23	86.75
23	90.75
23	94.75
23	98.75
23	102.75
23.3	117.5
24	47
24	63
24	68
24.1	107.6
25.17	123
25	163
25	166.75
26.21	42
26.21	54
26	59.5
26	159
27.21	71
27	76.5
27	80.5
27	84.5
27	88.5
27	92.5
27	96.5
27	100.5
27	104.5
27.21	111
27	116.5
27.17	120.33
27.1	126.4
28.1	36.4
28.1	48.4
28.1	64.4
29	131
29.3	163.4
28.79	168.5
30	42
30	54
30	59
30.3	159.2
31	32.67
31	68.67
31	73.75
31	77.75
31	81.75
31	85.75
31	89.75
31	93.75
31	97.75
31	101.75
31	105.75
31	109.75
31	113.75
31	117.75
31	121.75
31	125.75
32.21	47
32.33	62.5
32.21	134.93
33.21	38
33.3	129
33	166
33	169.88
34.21	29
34.21	53
34.17	58
34.21	140.57
34.3	158.4
34	162.75
35.21	68
35	73.5
35	77.5
35	81.5
35	85.5
35	89.5
35	93.5
35	97.5
35	101.5
35	105.5
35	109.5
35	113.5
35	117.5
35	121.5
35.17	125
36.21	43
36.17	48
36.3	62
36.33	134.5
37.21	34
37	38.5
37.3	129
37.21	145.64
37	170.44
38.21	25
38	29.5
38.21	53
38.17	58
38.3	140
38.3	156.63
38	161.25
38	165.25
39.21	68
39	73.5
39	77.5
39	81.5
39	85.5
39	89.5
39	93.5
39	97.5
39	101.5
39	105.5
39	109.5
39	113.5
39	117.5
39	121.5
39.17	125
40.21	43
40.17	48
40.3	62
40.33	134.5
40.33	150.33
41.21	34
41	38.5
41.3	129
41.3	145
41	170.25
42.21	21.29
42	26.75
42	30
42.21	53.29
42.17	58.33
42.3	140.4
42.21	157.29
42	162.75
42	166
43.21	68.57
43	74
43	78
43	82
43	86
43	90
43	94
43	98
43	102
43	106
43	110
43	114
43	118
43	122
43.17	125.67
44.33	43.33
44	48.25
44.3	62.8
44.33	135.33
44.33	151.33
43.9	172.9
45.21	35
45	39.5
45.3	130
45.3	146
46.21	18.29
46	23.75
46	27.75
46	31
46.21	54.29
46.17	59.33
46.3	141.4
46.21	158.29
46	163.75
46	167.75
46.17	171.33
47.21	69.57
47	75
47	79
47	83
47	87
47	91
47	95
47	99
47	103
47	107
47	111
47	115
47	119
47	123
47.17	126.67
48.33	44.67
48	49.5
48.3	64.2
48.33	136.67
48.33	152.67
48	174.38
49.21	36.57
49	41
49.3	131.6
49.3	147.6
50.33	15.33
50	20.25
50	24.25
50	28.25
49.83	31.67
50.33	55.33
50	60.25
50.3	142.8
50.33	159.33
50	164.25
50	168.25
50	172.25
51.21	71.29
51	76.75
51	80.75
51	84.75
51	88.75
51	92.75
51	96.75
51	100.75
51	104.75
51	108.75
51	112.75
51	116.75
51	120.75
51	124.75
51.17	128.33
52.21	46.57
52.17	51.67
52.3	65.6
52.33	138.17
52.33	154.17
53.33	37.67
52.83	42
53.3	133.2
53.3	149.2
52.9	174.9
54.21	13.57
54	19
54	23
54	27
54	31
54	34
54.21	57.57
54.17	62.67
54.3	144.6
54.21	161.57
54	167
54	171
55.33	72.67
55	77.5
55	81.5
55	85.5
55	89.5
55	93.5
55	97.5
55	101.5
55	105.5
55	109.5
55	113.5
55	117.5
55	121.5
55	125.5
55	129.5
56.21	48.57
56.17	53.67
56.3	67.6
56.33	140.17
56.33	156.17
57.33	39.67
56.83	44
57.3	135.2
57.3	151.2
57.33	175.17
58.21	11.86
58	17.25
58	21.25
58	25.25
58	29.25
58	33.25
58	36.5
58.21	59.86
58.17	65
58.3	147
58.21	163.86
58	169.25
58	172.5
59.3	74.4
59	78.75
59	82.75
59	86.75
59	90.75
59	94.75
59	98.75
59	102.75
59	106.75
59	110.75
59	114.75
59	118.75
59	122.75
59	126.75
59	130.75
60.33	50.67
60	55.5
60.3	70.2
60.33	142.67
60.33	158.67
61.21	42.57
61	47
61.33	134.83
61	139
61.3	153.6
61	176.38
62.33	9.67
62	14.5
62	18.5
62	22.5
62	26.5
62	30.5
62	34.5
61.83	38
62.33	61.67
62	66.5
62.3	149.2
62.33	165.67
62	170.5
61.83	174
63.21	77.57
63	83
63	87
63	91
63	95
63	99
63	103
63	107
63	111
63	115
63	119
63	123
63	127
63.17	130.67
64.33	52.67
64	57.5
64.3	72.2
64.33	144.67
64.33	160.67
65.21	44.86
65	49.5
65.21	136.86
65	141.5
65.3	156
66.3	7.4
66	11.75
66	15.75
66	19.75
66	23.75
66	27.75
66	31.75
66	35.75
66	39.75
66.3	63.4
66	67.75
66.3	151.4
66.3	167.4
66	171.75
65.79	176.5
67.33	79.67
67	84.5
67	88.5
67	92.5
67	96.5
67	100.5
67	104.5
67	108.5
67	112.5
67	116.5
67	120.5
67	124.5
67	128.5
67	132.5
68.21	55.86
68.17	61
68.33	72.17
68	76.5
68.33	147.5
68.33	163.5
69.3	46.4
69	50.75
69.3	138.4
69	142.75
69.3	158.4
70.33	6.67
70	11.5
70	15.5
70	19.5
70	23.5
70	27.5
70	31.5
70	35.5
70	39.5
69.83	43
70.33	66.67
70.3	154.2
70.33	170.67
70	175.5
69.9	179.5
71.21	82.86
71	88.25
71	92.25
71	96.25
71	100.25
71	104.25
71	108.25
71	112.25
71	116.25
71	120.25
71	124.25
71	128.25
71	132.25
71.17	136
72	57
72	61
72	73
72	77
72	149
72	165
73.3	49.4
73	53.75
73.3	141.4
73	145.75
73.3	161.4
74.33	5.67
74	10.5
74	14.5
74	18.5
74	22.5
74	26.5
74	30.5
74	34.5
74	38.5
74	42.5
73.83	46
74.33	65.67
74	70.5
74.33	153.67
73.83	158
74.33	169.67
74	174.5
74	178.5
73.9	182.6
75.21	81.86
75	87.25
75	91.25
75	95.25
75	99.25
75	103.25
75	107.25
75	111.25
75	115.25
75	119.25
75	123.25
75	127.25
75	131.25
75	135.25
75.17	139
76	60
76	76
77.3	52.4
77	56.75
77.3	144.4
77	148.75
77.3	164.4
78.33	4.67
78	9.5
78	13.5
78	17.5
78	21.5
78	25.5
78	29.5
78	33.5
78	37.5
78	41.5
78	45.13
77	48
78.33	64.33
78	69.25
78	73.25
78.3	152.6
78	157.25
77.83	160.67
78.3	168.6
78	173.25
78	177.25
78	181.25
77.9	185.4
79.21	80.29
79	85.75
79	89.75
79	93.75
79	97.75
79	101.75
79	105.75
79	109.75
79	113.75
79	117.75
79	121.75
79	125.75
79	129.75
79	133.75
79	137.75
79.17	141.33
79.5	54
80	58
81.3	146
81.21	188.14
82	3
82	7
82	11
82	15
82	19
82	23
82	27
82	31
82.3	35.6
81.25	39.63
81.5	62.67
82	66.75
82	70.75
82	74.75
82.3	150
82	154.75
82	158.75
82	162.75
82	166.75
82	170.75
82	174.75
82	178.75
82	182.75
83.3	79
83	83.5
83	87.5
83	91.5
83	95.5
83	99.5
83	103.5
83	107.5
83	111.5
83	115.5
83	119.5
83	123.5
83	127.5
83	131.5
83	135.5
83	139.5
83.17	143.33
85.21	187
85	191.63
86	2
86	6
86	10
86	14
86	18
86	22
86	26
86	30
85.67	34.92
85	70.5
85.5	74.33
86	149
86	154
86	158
86	162
86	166
86	170
86	174
86	178
86.17	181.33
87.21	80
87	85.5
87	89.5
87	93.5
87	97.5
87	101.5
87	105.5
87	109.5
87	113.5
87	117.5
87	121.5
87	125.5
87	129.5
87	133.5
87	137.5
87	141.5
87.17	145.33
89.17	185
89	190
89.1	194
90	2
90	6
90	10
90	14
90	18
90	22
90	26
90.3	30.6
89.5	33.5
90.17	151
90	156
90	160
90	164
90	168
90	172
90	176
90	180
90	82
91	86
91	90
91	94
91	98
91	102
91	106
91	110
91	114
91	118
91	122
91	126
91	130
91	134
91	138
91	142
91	146
93.17	185
93	190
92.7	194.4
94	2.5
94	6.5
94	10.5
94	14.5
94	18.5
94	22.5
94	26.5
93.67	31.33
94.17	150.67
94	155.75
94	159.75
94	163.75
94	167.75
94	171.75
94	175.75
94	179.75
94.3	197.4
94.5	90.67
95	94.5
95	98.5
95	102.5
95	106.5
95	110.5
95	114.5
95	118.5
95	122.5
95	126.5
95	130.5
95	134.5
95	138.5
95	142.5
94.83	146
97.17	183.67
97	188.75
97	192.75
98	3
98	7
98	11
98	15
98	19
98	23
98	27
98	30.88
98.21	150
98	155.5
98	159.5
98	163.5
98	167.5
98	171.5
98	175.5
97.83	179
98	198.19
98.5	97.33
99	101.25
99	105.25
99	109.25
99	113.25
99	117.25
99	121.25
99	125.25
99	129.25
99	133.25
99	137.25
99	141.25
98.83	144.67
101.21	183.29
101	188.75
101	192.75
101.1	201.8
102	3
102	7
102	11
102	15
102	19
102	23
102	27
102	30.5
102.33	149
102	154
102	158
102	162
102	166
102	170
102	174
102	178
102.3	197.6
103.21	100.71
103	106.25
103	110.25
103	114.25
103	118.25
103	122.25
103	126.25
103	130.25
103	134.25
103	138.25
103	142.25
103	145.5
105.33	96.33
105.21	184.57
105	190
105	194
105.21	204
106	3.75
106	7.75
106	11.75
106	15.75
106	19.75
106	23.75
105.7	28.2
106	149.33
106	154.5
106	158.5
106	162.5
106	166.5
106	170.5
106	174.5
106	178.5
106	198.5
107.3	30
107.33	91.67
107.33	103.67
107	108.5
107	112.5
107	116.5
107	120.5
107	124.5
107	128.5
107	132.5
107	136.5
107	140.5
107	144.5
107.5	73.17
108	83.67
108	87
109.33	77.67
109.33	97.67
109.33	181.67
109	186.75
109	190.75
109	194.75
109.33	201.67
109	206.63
110	4.25
110	8.25
110	12.25
110	16.25
110	20.25
110	24.25
110.21	149.71
110	155.25
110	159.25
110	163.25
110	167.25
110	171.25
110	175.25
110	179
110.5	198
110.93	28.57
111.21	90.43
111.33	102.83
111	108
111	112
111	116
111	120
111	124
111	128
111	132
111	136
111	140
111	144
112.33	83.67
113	77.5
113	81.5
113.33	96.5
113.21	184
113	189.5
113	193.5
113.21	204
113	209.25
114	5
114	9
114	13
114	17
114	21
114.21	148.71
114	154.25
114	158.25
114	162.25
114	166.25
114	170.25
114	174.25
114	178.25
114.3	197.6
115	25
115	28.5
115.21	89.43
115.33	101.83
115	107
115	111
115	115
115	119
115	123
115	127
115	131
115	135
115	139
115	143
117	80.5
117	84.5
117.33	95.5
117.21	183
117	188.5
117	192.5
117.21	203
117	208.5
117	211.88
118	5.75
118	9.75
118	13.75
118	17.75
118	21.75
118.21	148
118	153.5
118	157.5
118	161.5
118	165.5
118	169.5
118	173.5
118	177.5
118.3	197
119	27.5
119.33	89.5
119.33	101.5
119	106.5
119	110.5
119	114.5
119	118.5
119	122.5
119	126.5
119	130.5
119	134.5
119	138.5
119	142.5
121	84.5
121.33	95.5
121	182.67
121	187.75
121	191.75
121	202.67
121	207.75
120.7	212.2
122	6.5
122	10.5
122	14.5
122	18.5
122	22.5
122.21	147.71
122	153.25
122	157.25
122	161.25
122	165.25
122	169.25
122	173.25
122	177.25
122.33	196.17
122.3	214.7
123	26.5
123.1	89.2
123.1	101.2
123	105.75
123	109.75
123.3	114.1
122.5	117.67
122	120.75
121.5	125
122	130
123	134
123	138
123	142
124.3	29
125.17	95
125.17	180.67
125	185.75
125	189.75
125.17	200.67
125	205.75
125	209.75
126	7.25
126	11.25
126	15.25
126	19.25
126.21	147
126	152.5
126	156.5
126	160.5
126	164.5
126	168.5
126	172.5
125.83	176
126.17	194.5
126.21	214.79
127.3	22.8
125.5	91
126.5	99.67
126.75	104.25
126	108
125.5	112.25
126.5	138.33
126.83	141.33
128	27.42
129.21	180
129	185.5
129	189.5
129.21	200
129	205.5
129	209.5
129	218
130	8.25
130	12.25
130	16.25
130.21	145
130	150.5
130	154.5
130	158.5
130	162.5
130	166.5
130	170.5
130	174.5
130.3	194
130.3	214
131.3	19.8
132.3	24
132	28.75
133.33	179.67
133	184.75
133	188.75
133.33	199.67
133	204.75
133	208.75
133.21	218.64
134	9.25
134	13.25
134	145.5
134	149.5
134	153.5
134	157.5
134	161.5
134	165.5
134	169.5
134	173.5
134	177.5
134.3	193
134	197.5
134.3	213
135.3	16.8
136.3	21
136	25.75
136	29.38
137.33	182.67
137	187.75
137.33	202.67
137	207.75
137	219.44
138	10.5
138	148.25
138	152.25
138	156.25
138	160.25
138	164.25
138	168.25
138	172.25
138	176.25
138	180
138.3	191.6
138	196.25
138	200
138.3	211.6
138	216
139.3	14
139.25	222.25
140.3	18.6
140	23.25
139.7	27.8
141.3	30.2
141.21	184.71
141.21	204.71
142	151
142	155
142	159
142	163
142	167
142	171
142	175
142	179
142.3	190.4
142	195
142	199
142.3	210.4
142	215
142	219
143	12.5
143.3	223.1
144.3	16.4
144	21
144	25
144.93	29.64
145.21	183.43
145.21	203.43
146	153.75
146	157.75
146	161.75
146	165.75
146	169.75
146	173.75
146	177.75
146.3	189.2
146	193.75
146	197.75
146.3	209.2
146	213.75
146	217.75
147.3	32.1
147.3	221.6
147	225.63
148	15
148	19
148	23
149.3	27.2
149.33	182.67
149.33	202.67
150	156.25
150	160.25
150	164.25
150	168.25
150	172.25
150	176.25
150	180
150.3	187.6
150	192.25
150	196.25
150	200
150.3	207.6
150	212.25
150	216.25
151.33	31.67
151.3	220.4
150.7	225.4
152	17.5
152	21.5
152.3	228.2
153.3	25.4
154	159
154	163
154	167
154	171
154	175
154	179
154	183
154	187
154	191
154	195
154	199
154	203
154	207
154	211
154	215
155.33	29.83
155	34.5
155.3	219.2
155	223.75
156	19.5
156	228.17
157.3	23.4
158	162.25
158	166.25
158	170.25
158	174.25
158	178.25
158	182.25
158	186.25
158	190.25
158	194.25
158	198.25
158	202.25
158	206.25
158	210.25
158	214.25
159.33	27.5
159	32.75
159	36.25
159.3	218.4
159	223
159.93	228
161	21.5
161.5	165
162	168.75
162	172.75
162	176.75
162	180.75
162	184.75
162	188.75
162	192.75
162	196.75
162	200.75
162	204.75
162	208.75
162	212.75
162.3	230.3
163.3	25.6
163	30.25
163	34.25
163	38.13
163.1	217.6
163	222
164.25	226.5
165.17	22.67
166	170.5
166	174.5
166	178.5
166	182.5
166	186.5
166	190.5
166	194.5
166	198.5
166	202.5
166	206.5
166	210.5
166	214.5
165.9	231.4
166	345.63
167	27
167	31
167	35
167	39.92
167.3	219
167	223.5
168.3	228
169	23
170.1	43.4
169.5	174
170	177.75
170	181.75
170	185.75
170	189.75
170	193.75
170	197.75
170	201.75
170	205.75
170	209.75
170	213.75
170.3	231.3
170.21	345.21
171	27
171	31
171	35
171	39
171.1	218.6
171	223
172.25	227.5
173	23
173.21	45.07
174	179.5
174	183.5
174	187.5
174	191.5
174	195.5
174	199.5
174	203.5
174	207.5
174	211.5
174	215.5
174	231.5
174.21	343.57
174	347.25
175	27
175	31
175	35
175	39
175.33	49.25
175	219.75
175	223.75
176.33	228.92
177	23
177	43
178.21	53.14
177.5	184
178	187.75
178	191.75
178	195.75
178	199.75
178	203.75
178	207.75
178	211.75
178	215.75
178.21	341.57
177.7	347
179	27
179	31
179	35
179	39
179	47
179.1	220.6
179	225
180.33	57.5
180.3	228.3
181	23
181	43
182	51
182.33	61.5
181	189
182	193
182	197
182	201
182	205
182	209
182	213
182	217
182.33	338.67
182	343.5
181.67	347.5
183.3	27.4
183	31.75
183	35.75
183	39.75
183.3	47.4
183	66.25
183.17	222
184.33	55.67
183.83	225.67
185.33	23.5
185.5	43.8
185	69.88
186	62
185	197
185.5	201
186	204.75
186	208.75
186	212.75
186	216.75
186.33	336.67
186	341.5
186	345.5
186	348.75
187	30
187	34
187	38
187	50
187	66
187.33	72.42
186.5	221
188	54
188	58
189.3	22.4
189	26.75
189.3	42.4
189	46.75
189.1	76.5
190.33	62.67
188.5	208
188.5	212
188.5	217.25
190.33	334.67
190	339.5
190	343.5
189.67	347.75
191.33	31.17
191	36.25
191.17	40
191.33	51.17
191.3	67.6
191	72.25
192	57
192.21	79.07
193.3	21.4
193	25.75
193.3	45.4
194.33	61.67
194	264
194.33	332.33
194	337.25
194	341.25
194	345.25
193.83	347.83
195.33	30.17
195	35.25
195	39.25
195.17	43
195.33	50.17
195	55.25
195.3	66.6
195	71.25
195	75.25
195	83.5
196	80
196.33	268.17
197.3	20.4
197	24.75
197	272.5
198.33	60.67
198.21	330.57
198	336
198	340
198	344
197.7	347.5
199.33	29.17
199	34.25
199	38.25
199	42.25
199	46.25
199	50.25
199	54.25
199	57.5
199.3	65.6
199	70.25
199	74.25
199	78.25
199	84.88
199.21	277.29
200	267.5
201.3	19.4
201	23.75
201.3	271.4
201.33	282.83
202.3	287.6
202.21	328.57
202	334
202	338
202	342
201.7	346
203.33	28.17
203	33.25
203	37.25
203	40.88
202.5	45
203	48.75
203	52.75
203	56.75
203	60.75
203	64.75
203	68.75
203	72.75
203	76.75
203	80.75
203	84.75
203	88.38
203.33	275.83
203	291.5
205.3	18.4
205	22.75
205	270.25
205.33	281.17
205.21	296.57
206.3	90.4
206.3	286.4
206	301.5
206.21	326.57
206	332
206	336
206	340
206	344
206	346
207.33	27.17
207	32.25
207	36.25
205.83	39.33
206	52.5
206.5	56.67
207	60.5
207	64.5
207	68.5
207	72.5
207	76.5
207	80.5
207	84.5
207	87.5
207.33	274.33
207.3	290.8
208.21	306.29
209.3	17.4
209	21.75
209.33	279.33
209.33	295.33
210.21	92.07
210.3	284.4
210.3	300.4
210.33	311.75
210.33	323.33
210	328.25
210	332.25
210	336.25
210	340.25
209.67	344.42
211.33	26.17
211	31.25
211	35
209.5	36.5
209.5	63
210.5	68
211	72.25
211	76.25
211	80.25
211	84.25
210.83	87.67
211	273.75
211.3	289.2
211	316.38
212.33	305.17
213	16
213	20
213.33	277.83
213.33	293.83
214	93.44
214.3	283.2
214.3	299.2
214.33	310.67
214.33	318.67
214	323.75
214	327.75
214	331.75
214	335.75
214	339.75
214	343.38
215.33	24.67
215	29.5
214.67	33.67
214	77.5
214.5	82
215	86
215	89
215.3	287.6
215.5	315
216.33	303.83
217	15
217	19
217	277.75
217.33	292.67
217.79	94.79
218.3	282
218.3	298
218.33	309.5
218.21	321
218	326.5
218	330.5
218	334.5
218	338.5
217.7	342.4
219	23
219	27
218.67	31.75
217.5	89
219.3	286.6
219.3	314.6
220	98.63
220.33	302.83
221	15
221	19
221.33	291.67
222	281.5
222.3	297
222.33	308.5
222.21	320
222	325.5
222	329.5
222	333.5
222	337.5
221.7	341.4
223.33	23.67
222.9	28.5
221.5	30.5
223.3	286
223.3	314
224.1	302.2
225	14
225	18
225.1	291.6
226.33	296.33
226.21	308
226.21	320
226	325.5
226	329.5
226	333.5
226	337.5
226	340.75
227	22
226.79	27.14
227.21	145
227	150.5
226.7	154.7
226.5	287.33
227	314
228	158.75
228.33	302.67
229	14.25
229	18.25
229.33	139.5
229.17	163.17
229	291
230	295
230.17	298.67
230.17	310
230.17	318
230	323
230	327
230	331
230	335
229.83	339.5
231.33	21.5
231	25.88
231.21	146
231	151.5
231	155.5
231.33	166.08
232.3	302.8
232.17	307
232.5	314.5
233	15
233.21	136
233.17	141
233.33	159.5
233.21	171.64
232.5	298
234.5	310
234.33	318.5
234	323.75
234	327.75
234	331.75
234	335.75
233.7	339.5
235	19
234.7	23.3
235.21	146.57
235	152
235.17	155.67
235.33	166.17
236	176.17
235	304
237	15
237.21	133.86
237	139.25
237.17	143
237.33	161.5
238	172
237	308
238	312
238	316
238	320
238	324
238	328
238	332
238	336
238	339.25
239	19.25
239.3	148.4
239	152.75
239	156.75
239.3	168.4
238.9	180.2
240.3	176.2
241.21	132.86
241	138.25
241	142.25
241.17	146
241.33	161.17
241.17	166
241.33	183.92
241.5	315.67
242	319.25
242	323.25
242	327.25
242	331.25
242	335.25
242	339.42
243.33	17
242	19.5
243	151
243	155
243	171
244	175
244	179
245	131
245	135
245	139
245	143
245	147
245	159
245	163
245	167
245	183
245	187.92
246	320.5
246	324.5
246	328.5
246	332.5
246	336.5
246	339.75
247	16.63
247	151
247	155
247	171
248	175
248	179
248.1	191.4
249	131.25
249	135.25
249	139.25
249	143.25
249	147.25
249.3	158.6
249	163.25
249	167.25
249.3	182.6
249	187.25
250	323.5
250	327.5
250	331.5
250	335.5
250	339.5
249.5	16
251.33	150.5
251.17	155.67
251.33	170.5
251.21	193.86
252	176
253	132.25
253	136.25
253	140.25
253	144.25
253.3	159.6
253	164.25
253.3	179.6
253	184.25
253	188.25
254.21	198.21
254	325.75
254	329.75
254	333.75
254	337.75
254	341.25
255.33	147.5
255	152.75
255.17	156.67
255.33	167.5
255	172.75
255.33	191.5
257	133.25
257	137.25
257	141.25
257.3	160.6
257.3	176.6
257	181.25
257	185.25
258.33	196.33
258	201.38
258	327.5
258	331.5
258	335.5
258	339.5
258	343
259.33	144.5
259	149.75
259	153.75
259.17	157.67
259.33	164.5
259	169.75
259.17	173.67
259.33	188.5
259	193.5
261	134.5
261	138.5
261.33	177.33
261	182.5
261.21	204.07
262.21	197.14
262	329.25
262	333.25
262	337.25
262	341.25
262	344.88
263.3	142.6
263	147.25
263	151.25
263	155.25
263	159.25
263	163.25
263	167.25
263	171.25
263.3	186.6
263	191.25
265	136
265.17	140
265.33	174.83
265	180
265.17	184
265	202.88
266.33	195.33
266.3	207.2
266	330.5
266	334.5
266	338.5
266	342.5
265.9	346.9
267.33	143.83
267	149
267	153
267	157
267	161
267	165
267	169
267.33	187.83
267	193
269	137.75
269.33	172.5
269	177.75
269	181.75
269.21	200.14
269.21	348.79
270.3	205.6
270	210
270	331.5
270	335.5
270	339.5
270	343.5
271.33	141.33
271	146.5
271	150.5
271	154.5
271	158.5
271	162.5
271	166.5
271.33	185.33
271	190.5
271	194.5
273.33	170.33
273	175.5
273	179.5
273.33	198.33
272.67	349
274.3	203.4
274	208
274	212
274	332.25
274	336.25
274	340.25
274	344.25
275	140.5
275	144.5
275	148.5
275	152.5
275	156.5
275	160.5
275	164.5
275.33	183.33
275	188.5
275	192.5
275.33	350.92
276.5	214.4
277.3	168.6
277	173.25
277	177.25
277.3	196.6
278.3	200.8
278	205.5
278	209.5
278	333
278	337
278	341
278	345
279	142
279	146
279	150
279	154
279	158
279	162
279.17	166
279.33	180.83
279	186
279	190
279.17	194
279	349
279	352.75
280	214.19
281.33	169.5
281	174.75
282.3	198.6
282	203.25
282	207.25
282.33	217.58
282	333.25
282	337.25
282	341.25
282	345.25
283	143.5
283	147.5
283	151.5
283	155.5
283	159.5
283	163.5
283.33	178.33
283	183.5
283	187.5
283	191.5
282.83	195.33
283.3	348.8
283	353.5
284.33	210.83
285.33	167.33
285	172.5
286.21	199.43
286	205
286.33	215.83
286	221
286	334
286	338
286	342
287	145.5
287	149.5
287	153.5
287	157.5
287	161.5
287.33	176.33
287	181.5
287	185.5
287	189.5
287	193.5
287	346
287	350
287.33	354.83
288.33	208.83
288.1	223.8
288.33	257
287.7	262.4
289.33	165.33
289	170.5
289	252
289	266
289	270
290.21	197.43
290	203
290.33	213.83
290	219
290.3	273.2
290	334
290	338
290	342
291	147.5
291	151.5
291	155.5
291	159.5
291.33	174.33
291	179.5
291	183.5
291	187.5
291	191.5
291.21	226.86
291	248
291	346
291	350
291	355.31
292.33	206.83
292.5	222.25
292	257.33
292	262.25
292.33	276.33
293.33	163.33
293	168.5
293.33	231.25
293.21	242.71
293.33	267.17
294.21	195.43
294	201
294.33	211.83
294	217
294.3	236.4
294.21	251.43
294.5	272.25
294	334
294	338
294	342
295	149.5
295	153.5
295	157.5
295.33	172.33
295	177.5
295	181.5
295	185.5
295	189.5
295.21	279.29
295	346
295	350
295	355.5
296.33	204.83
296.33	220.83
296	226
296.33	256.83
296	262
297.33	161.67
297	166.75
297.3	230.2
297.33	241.67
297	246.75
297.3	266.2
298.21	193.71
298	199.25
298.33	210.17
298	215.25
298.3	234.6
298	239
298.3	250.6
298.3	270.6
298	275.25
298	334
298	338
298	342
299	152
299	156
299.33	170.83
299	176
299	180
299	184
299	188
299.3	279.4
299	283.5
299	346
299	350
299	354
299	357.5
300.33	203.33
300.33	219.33
300	224.5
300.33	255.33
300	260.5
301.33	159.83
301	165
301.3	228.4
301.21	243.43
301.3	264.4
302.33	192.67
302	197.75
302.33	208.67
302	213.75
302.3	233.2
302	237.75
302.3	249.2
302.3	269.2
302	273.75
302.21	334.86
302	340.25
302	344.25
303	154.25
303.33	169.17
303	174.25
303	178.25
303	182.25
303	186.25
303	190
303.3	277.6
303	282.25
303	286.13
303	349
303	353
303.33	357.83
304.33	201.83
304.33	217.83
304	223
304.33	253.83
304	259
305.33	158.33
305	163.5
305.3	226.8
305.33	242.33
305.3	262.8
306.21	194.43
306.33	206.83
306	212
306.3	231.4
306	236
306	240
306.3	247.4
306.3	267.4
306	272
306	333
306	337
306	341
306	345
307.33	167.67
307	172.75
307	176.75
307	180.75
307	184.75
307	188.75
306.5	276.33
306.5	280
306	284
306.5	288.83
307	349
307	353
307	358.25
308.33	200.17
308.33	216.17
308	221.25
308.33	252.17
308	257.25
309	158
309	162
309.3	225.4
309.3	261.4
310.33	193.67
310.33	205.67
310	210.75
310.3	230.2
310	234.75
310	238.75
310	242.75
310	246.75
309.9	266.3
308.5	271.25
310.33	333.67
310	338.5
310	342.5
310	346.5
311.33	166.17
311	171.25
311	175.25
311	179.25
311	183.25
311	187.25
311	191
311.3	350.6
311	355.25
310.7	359.1
312.33	198.83
312.33	214.83
312	220
312.33	250.83
312	256
313	160.5
313.3	223.8
314.33	203.83
314	209
314.3	228.4
314	233
314	237
314	241
314	245
314.3	332.4
314	336.75
314	340.75
314	344.75
315.33	164.67
315	169.75
315	173.75
315	177.75
315	181.75
315	185.75
315	189.75
315	193.75
315.3	349
315	353.5
315	357.5
314	359.5
316.3	197.6
316.33	213.17
316	218.25
316.33	249.17
316	254.25
316.21	264.43
317.3	222.4
317.3	258.4
318.33	202.67
318	207.75
318.3	227.2
318	231.75
318	235.75
318	239.75
318	243.75
318	331
318	335
318	339
318	343
319	164.25
319	168.25
319	172.25
319	176.25
319	180.25
319	184.25
319	188.25
319	192.25
319	269.75
319.3	347.4
319	351.75
319	355.75
319	359.5
320.3	196.4
320.33	211.83
320	217
320.33	247.83
320	253
320.21	263.43
321.3	221.2
321.3	257.2
322.33	201.17
322	206.25
322.3	225.6
322	230.25
322	234.25
322	238.25
322	242.25
322.21	272.71
322.3	330.4
322	334.75
322	338.75
322	342.75
323	167
323	171
323	175
323	179
323	183
323	187
323	191
323	277.38
323.3	347
323	351.5
323	355.5
322.67	359.83
324.3	195.2
324.33	210.67
324	215.75
324.33	246.67
324	251.75
324.33	262.67
324	267.75
325.3	219.6
325.3	255.6
325	260
326.33	199.83
326	205
326.3	224.4
326	229
326	233
326	237
326	241
326.33	271.83
326	279.81
326.33	329.67
326	334.5
326	338.5
326	342.5
327	169.75
327	173.75
327	177.75
327	181.75
327	185.75
327	189.75
327.3	285
327.3	346.2
327	351
327	355
327	359
327	361
328.3	194
328.33	209.5
328	214.5
328.33	245.5
328	250.5
328.21	265
329.3	218.6
329.3	254.6
329	259.25
329.33	289.92
330.33	198.83
330	204
330.3	223.4
330	228
330	232
330	236
330	240
330.33	270.83
330	276
330	280
330.21	327
330	332.5
330	336.5
330	340.5
331	172.75
331	176.75
331	180.75
331	184.75
331	188.75
331.3	284.2
331.1	294.8
331.21	346
331	351.5
331	355.5
330.7	359.5
332.3	192.6
332.33	208.17
332	213.25
332.33	244.17
332	249.25
332.21	263.71
333.3	217.4
333.3	253.4
333	258
333.33	288.83
333	299.67
334.33	197.67
334	202.75
334.3	222.2
334	226.75
334	230.75
334	234.75
334	238.75
334.33	269.67
334	274.75
334	278.75
334.21	323
334	328.5
334	332.5
334	336.5
334	340.5
335	175.5
335	179.5
335	183.5
335	187.5
335.3	283
335.33	294.5
335	305.33
335.1	345.6
335	350
335	354
335	358.5
336.3	192
336.33	207.5
336	212.5
336.33	243.5
336	248.5
336.21	263
336	310.13
336.1	318
336	359.25
337.3	216.6
337.3	252.6
337	257.25
337.33	288.17
337.33	300.17
338.33	196.83
338	202
338.3	221.4
338	226
338	230
338	234
338	238
338.33	268.83
338	274
338	278
338.33	312.83
338.21	324.43
338	330
338	334
338	338
338	342
339	178.75
339	182.75
339	186.75
339.3	282.2
339.33	293.67
339.33	305.67
339.3	346.2
339	350.75
339	354.75
340.3	191
340.33	206.5
340	211.5
340.33	242.5
340	247.5
340.21	262
340.33	318.5
340	358
341.3	216
341.3	252
341	256.5
341.33	287.5
341.33	299.5
342.33	196.17
342	201.25
342.3	220.6
342	225.25
342	229.25
342	233.25
342	237.25
342.33	268.17
342	273.25
342	277.25
342.21	311.71
342.33	324.17
342	329.25
342	333.25
342	337.25
342	341.25
343	182
343	186
343.3	281.4
343.33	292.83
343.33	304.83
343.3	345.4
343	350
343	354
344.3	190.2
344.33	205.67
344	210.75
344.33	241.67
344	246.75
344.33	261.67
344.33	317.67
344	357.13
345.3	215
345.3	251
345	255.5
345	259.5
345.33	286.5
345.33	298.5
346.33	195.17
346	200.25
346.3	219.6
346	224.25
346	228.25
346	232.25
346	236.25
346.33	267.17
346	272.25
346	276.25
346.21	310.71
346.33	323.17
346	328.25
346	332.25
346	336.25
346	340.25
347	185
347.3	280.4
347.33	291.83
347.33	303.83
347.3	344.4
347	349
347	353
348.3	188.8
348.33	204.33
348	209.5
348.33	240.33
348	245.5
348.33	316.33
348	355.63
349.3	213
349.3	249
349	253.75
349	257.75
349	261.75
349.33	284.5
349.33	296.5
350	194
350	198
350	218
350	222
350	226
350	230
350	234
350	266
350	270
350	274
350	310
350	322
350	326
350	330
350	334
350	338
351	278
351	290
351	302
351	306
351	342
351	346
351	350
352	186
352	190
352	202
352	206
352	238
352	242
352	314
352	318
352	353.75
353	210
353	214
353	246
353	250
353	254
353	258
353	262
353	282
353	286
353	294
353	298
354.3	193.6
354	198.25
354.3	217.6
354	222.25
354	226.25
354	230.25
354	234.25
354.3	265.6
354	270.25
354	274.25
354.3	309.6
354.3	321.6
354	326.25
354	330.25
354	334.25
354	338.25
355.3	277.8
355.33	289.33
355.33	301.33
354.83	306.33
355.3	341.8
355	346.5
354.9	351
356	186.75
356.17	190.67
356.33	201.5
356	206.75
356.33	237.5
356	242.75
356.33	313.5
356.17	318.67
357	211
357	247
357	251
357	255
357	259
357	283
357	295
357	352.25
358	195
358	215
358	219
358	223
358	227
358	231
358	263
358	267
358	271
358	323
358	327
358	331
358	335
359.3	274.6
359	279.25
359.3	286.6
359	291.25
359.3	298.6
359	303.25
359	307.25
359.3	338.6
359	343.25
359	347.25
360	187.5
360	191.5
360.33	198.33
360	203.5
360	207.5
360.33	234.33
360	239.5
360	243.5
360.3	310.8
360	315.5
360	319.5
361.3	211
361.3	247
361	251.75
361	255.75
361	259.75
361.5	282.2
361.5	294.2
361.33	349.75
362	216
362	220
362	224
362	228
362	264
362	268
362	324
362	328
362	332
363	272
363	276
363	288
363	300
363	304
363	336
363	340
363	344
364	188.25
364	192.25
364	196.25
364	200.25
364	204.25
364.3	231.6
364	236.25
364	240.25
364.3	307.6
364	312.25
364	316.25
364	320.25
365.3	207.8
365	212.5
365.3	243.8
365	248.5
365	252.5
365	256.5
365	260.5
365.33	279.33
365	284.5
365.33	291.33
365	296.5
365.33	346.83
366.3	216
366	220.75
366	224.75
366.17	228.67
366.3	264
366	268.75
366.33	323.5
366	328.75
366	332.75
367	273
367	301
367	337
367	341
368	189
368	193
368	197
368	201
368	233
368	237
368	305
368	309
368	313
368	317
369.3	204.6
369	209.25
369.3	240.6
369	245.25
369	249.25
369	253.25
369	257.25
369.3	276.6
369	281.25
369	285.25
369	289.25
369	293.25
369	297.25
369	344.75
370.3	212.8
370	217.5
370	221.5
370	225.5
370	229.5
370.3	260.8
370	265.5
370	269.5
370.33	320.33
370	325.5
370	329.5
370	333.5
371.5	272.75
371.33	300.5
371.3	337
371.17	341.67
372	190
372	194
372	198
372	234
372	306
372	310
372	314
373	202
373	206
373.3	237.6
373	242.25
373	246.25
373	250.25
373	254.25
373.3	277.6
373	282.25
373	286.25
373	290.25
373	294.25
373.17	342.5
374	215
374	219
374	223
374	227
374	231
374.3	258.6
374	263
374	267
374.33	318
374	323
374	327
374	331
375	271
375.17	275
375.1	298.6
375	303
375	335
375	338.75
376	190.75
376	194.75
376	198.75
376.33	307.33
376	312.5
377	203.88
377.21	236.71
377	242.25
377	246.25
377	250.25
377	254.25
377.21	280.71
377	286.25
377	290.25
377	294.25
377	215
378	219
378	223
378	227
378	231
378.3	258.4
378	263
378	267
378.17	318
378	323
378	327
378	331
379.17	271.67
379.17	276.33
379.17	299.67
378.93	335.64
380	192
380	196
380	204.63
380.21	306
380	311.5
380.17	315.33
381.3	199.6
381.21	235.71
381	241.25
381	245.25
381	249.25
381	253.25
381.33	280.17
381	285.25
381	289.25
381	293.25
381.17	297.33
381	222
382	226
382	230
382.3	257.4
382	262
382	266
382.17	321
382	326
382	330
383.17	271
383.17	275.67
382	333.25
384	193.25
384.3	203.9
384.17	301
384	306
384	310
384	314
384.17	317.67
385.3	196.8
384.83	201.33
385.17	235
385	240
385	244
385	248
385	252
385.3	279.4
385	284
385	288
385	292
385	296
385	230
386.17	257
386	262
386	266
386.3	321.4
386.1	326.1
385	329.25
387.17	271
387.17	275.67
388	203.5
388.17	301
388	306
388	310
388	314
388.17	317.67
389	195.5
389	199.5
388	236
389	240
389	244
389	248
389	252
389.3	279.4
389	284
389	288
389	292
389	296
390.17	257.33
390	262.25
390	266.25
389.25	321.5
391.17	271.5
391.17	276.33
392.21	202.86
392	301
392	306
392	310
391.5	313.83
390.5	317
393	197.5
392	245
392.5	249
393	252.75
393.1	280
393	284.75
393	288.75
393	292.75
393.17	296.33
394.21	258
394	263.5
394	267.5
395.21	273.29
396	202.06
395	299.5
394.5	304
397	205
396	279
396	283
396	287
396	291
395.5	295
396.5	259
396.5	263
396.5	267
400	201.75
401.3	204.8
404.67	205.25
409	206.5
411.5	207.5
188.29	215.62
187.68	218.05
16.4	157.92
12.15	155.49
239.92	15.18
241.74	14.58
244.17	13.36
247.2	13.97
396.62	198.61
401.48	200.44
404.52	202.87
407.55	203.47
374.76	210.15
371.72	208.33
379.61	201.04
374.76	202.26
371.11	201.65
107.51	99.61
108.11	94.14
97.18	94.75
103.26	102.65
313.41	261.78
311.59	263
102.04	99
39.48	153.67
9.72	153.67
7.29	152.45
3.64	151.24
0.61	151.85
377.18 206.51
