39.19	95.82
39.04	114.87
48.74	63.79
48.5	79.59
48.5	90.59
48.5	129.05
49.5	102.5
49.5	113.5
60.13	59.45
59.5	74.32
59.5	85.32
59.5	96.32
59.88	126.98
60.92	106.17
59.17	113.83
68.95	134.73
70.95	48.95
70.5	64.41
70.5	75.41
70.5	86.41
71.36	122.57
71.92	96.42
71.5	108.59
71.5	115.5
78.5	139.8
81.5	46.23
81.5	57.23
81.5	68.23
81.5	79.23
82.36	126.86
82.92	90.08
82.5	101.95
82.5	112.95
90.13	142.66
92.95	47.55
92.5	63.05
92.5	74.05
93.28	123.44
93.92	85.08
93.5	96.77
93.5	107.77
93.5	117.5
99.29	152.92
101	138.43
103.5	47.41
103.5	58.41
103.5	69.41
104.5	80.59
104.5	91.59
104.5	102.59
104.5	113.59
104.5	124.59
109.88	160.1
111.74	136.6
112.83	148.5
114.71	46.71
114.5	61.68
114.5	72.68
115.5	83.68
115.5	94.68
115.5	105.68
115.5	116.68
117.3	126.7
120.5	162.02
122.95	141.45
125.5	48.14
125.5	59.14
125.5	70.14
126.92	80.42
126.5	92.32
126.5	103.32
126.5	114.32
126.5	125.32
128.74	183.36
131.5	158.5
131.5	169.5
133.5	136.5
133.5	147.5
136.5	48.5
136.5	59.5
137.5	70.5
137.5	81.5
137.5	92.5
137.5	103.5
137.5	114.5
137.5	125.5
139.05	183.6
142.5	158.5
142.5	169.5
144.5	136.5
144.5	147.5
147.5	48.5
147.5	59.5
148.5	70.5
148.5	81.5
148.5	92.5
148.5	103.5
148.5	114.5
148.5	125.5
149.03	193.88
150.5	180.5
153.5	158.5
153.5	169.5
155.5	136.5
155.5	147.5
158.5	48.5
158.5	59.5
158.74	196.98
159.5	70.5
159.5	81.5
159.5	92.5
159.5	103.5
159.5	114.5
159.5	125.5
161.5	180.5
164.5	158.5
164.5	169.5
166.5	136.5
166.5	147.5
169.5	48.5
169.5	59.5
169.5	191.5
170.13	204.69
170.5	70.5
170.5	81.5
170.5	92.5
170.5	103.5
170.5	114.5
170.5	125.5
172.5	180.5
175.5	158.5
175.5	169.5
177.5	136.5
177.5	147.5
180.08	209.71
180.5	48.5
180.5	59.5
180.5	191.5
181.5	70.5
181.5	81.5
181.5	92.5
181.5	103.5
181.5	114.5
181.5	125.5
183.5	180.5
186.5	158.5
186.5	169.5
188.5	136.5
188.5	147.5
190.08	220.5
190.5	202.5
191.5	48.59
191.5	59.59
191.92	190.75
192.92	70.33
192.5	81.95
192.5	92.95
192.5	103.95
192.5	114.95
192.5	125.95
195.36	180
198.28	159.22
197.21	173.21
200.28	139.17
199.5	152.5
199.44	230.82
200.39	214.55
202.5	57.5
203.13	196.34
203.92	69.17
203.5	80.59
203.5	91.59
203.5	102.59
203.5	113.59
203.5	124.59
209.13	169.66
208.5	184.5
211.28	138.94
210.5	153.32
211.83	164.17
209.86	231.68
211.95	215.8
214.44	196.44
214.5	67.95
214.5	78.95
214.5	89.95
214.5	100.95
214.5	111.95
214.5	122.95
219.5	178.5
221.92	133.75
221.5	145.59
221.5	156.59
221.5	167.59
221.76	229.33
223.19	210.42
225.43	188.7
223.94	201.83
223.5	68.64
225.5	81.59
225.5	92.59
225.5	103.59
225.5	114.59
225.4	125.7
228.5	246.86
231.69	179.5
233.28	138.22
232.5	153.05
232.5	164.05
232.74	225.02
233.33	253.58
236.44	194.81
235.5	209.14
236.5	88.32
236.5	99.32
236.5	110.32
236.5	121.32
239.36	546
239.5	242.5
241.92	175.75
244.36	131.71
243.5	144.5
243.5	155.5
243.2	166.5
244.36	219.71
243.5	232.5
244.13	255.11
247.44	188.5
246.5	201.77
246.13	212.63
247.5	92.59
247.5	103.59
247.5	114.59
247.5	125.75
248.74	501.4
248.5	517.32
248.5	528.32
248.5	539.32
250.43	551.13
252.03	245.9
252.35	266
255.28	140
254.5	154.68
254.5	165.68
254.5	176.68
255.13	227.5
258.36	189.14
257.5	201.5
257.5	212.5
258.5	103.5
258.5	114.5
258.5	125.5
260.13	489.45
259.5	504.32
259.5	515.32
259.5	526.32
259.5	537.32
260.21	547.93
262.28	245.72
262.92	261
261.81	272.35
265.28	559.19
266.28	140
265.5	154.59
265.5	165.59
265.5	176.59
266.13	227.5
269.36	189.07
268.5	201.5
268.5	212.5
269.5	114.41
269.5	125.41
270.95	478.95
270.5	494.41
270.5	505.41
270.5	516.41
270.5	527.41
271.92	537.42
272.63	547.88
273.28	245.22
273.92	259.75
272.64	272.75
275.19	560.22
277.28	136.11
276.5	151.32
276.5	162.32
276.5	173.32
277.13	223.76
277.36	280.57
277.87	298.42
279.36	324.56
279.5	184.5
279.5	195.5
279.5	206.5
280.5	118.5
281.5	476.23
281.5	487.23
281.5	498.23
281.5	509.23
281.5	520.23
282.92	531.25
282.5	543.05
283.06	552.83
284.19	240.88
284.92	252.75
284.5	264.14
287.44	307.69
288.38	131.5
287.5	145.05
287.5	156.05
287.5	167.05
287.5	178.05
288.38	219.5
287.39	231.83
288.36	275.21
287.5	288.05
288.72	340.52
290.63	293.13
290.36	318.5
287.75	327.75
291.36	186.29
290.5	200.41
291.1	207.3
292.43	115.17
292.92	479.25
292.5	490.41
292.5	501.41
292.5	512.41
293.92	524.08
293.5	535.32
293.05	549.4
295.74	246.6
296.28	261.61
298.74	133.4
298.5	149.32
298.5	160.32
299.28	170.61
298.74	221.4
300.25	233.25
298.95	276
299.19	455.36
299.5	340.64
300.95	295.95
300.5	311.41
300.5	322.41
299.17	328.83
301.74	185.5
301.5	201.5
303.25	208.25
302.95	107.05
303.33	119.83
303.74	478.07
303.5	494.05
303.5	505.05
303.5	516.05
305.13	531.18
303.64	547.57
306.74	247.5
307.28	262.94
308.08	461.69
307.5	351.59
309.17	364.17
309.19	425.51
308.88	552.88
309.5	131.5
309.5	142.5
309.5	153.5
309.5	164.5
309.5	219.5
309.5	230.5
309.5	274.5
310.36	447.86
310.5	340.5
311.5	285.5
311.5	296.5
311.5	307.5
311.5	318.5
311.5	329.5
312.92	176.25
312.5	187.41
312.5	198.41
312.5	209.41
314.19	99.88
313.5	111.32
313.5	122.32
315.13	479.92
314.5	494.86
314.5	505.86
314.5	516.86
315.92	527.25
315.5	539.23
317.57	434.99
318.38	243.5
317.5	257.05
317.5	268.05
318.36	464.14
319.28	353
318.5	376.39
318.74	412.26
319.1	360.7
319.94	552.22
321.28	132.11
320.5	147.41
320.5	158.41
320.8	168.9
321.13	220.03
321.1	231.3
321.36	276.29
321.19	452.65
322.36	336.79
322.95	295.05
322.5	310.59
322.5	321.59
321.17	329.17
323.74	184.74
323.5	200.77
325.25	209
324.95	95.35
324.5	110.95
325.33	120.5
325.28	390.56
325.74	480.64
325.5	496.77
325.5	507.77
326.9	425.05
326.74	523.79
326.9	539.3
328.74	247.79
329.28	263.39
329.13	445.18
330.08	465.33
329.5	374.5
329.5	407.5
330.5	352.5
330.5	363.5
330.5	553.5
331.5	132.5
331.5	143.5
331.5	154.5
331.5	165.5
331.5	220.5
331.5	231.5
331.5	275.5
332.5	341.5
333.5	286.5
333.5	297.5
333.5	308.5
333.5	319.5
333.5	330.5
334.5	176.5
334.5	187.5
334.5	198.5
334.5	209.5
335.5	88.5
335.5	99.5
335.5	110.5
335.5	121.5
335.5	385.5
335.5	396.5
336.5	484.5
336.5	495.5
336.5	506.5
337.5	418.5
337.5	429.5
337.5	517.5
337.5	528.5
337.5	539.5
339.5	242.5
339.5	253.5
339.5	264.5
339.5	440.5
339.5	451.5
339.5	462.5
339.5	473.5
340.5	374.5
340.5	407.5
341.5	352.5
341.5	363.5
341.5	553.5
342.5	132.5
342.5	143.5
342.5	154.5
342.5	165.5
342.5	220.5
342.5	231.5
342.5	275.5
343.5	341.5
344.5	286.5
344.5	297.5
344.5	308.5
344.5	319.5
344.5	330.5
345.5	176.5
345.5	187.5
345.5	198.5
345.5	209.5
346.5	88.5
346.5	99.5
346.5	110.5
346.5	121.5
346.5	385.5
346.5	396.5
347.5	484.5
347.5	495.5
347.5	506.5
348.5	418.5
348.5	429.5
348.5	517.5
348.5	528.5
348.5	539.5
350.5	242.5
350.5	253.5
350.5	264.5
350.5	440.5
350.5	451.5
350.5	462.5
350.5	473.5
351.5	374.5
351.5	407.5
352.5	352.5
352.5	363.5
352.05	553.12
353.5	132.5
353.5	143.5
353.5	154.5
353.5	165.5
353.5	220.5
353.5	231.5
353.5	275.5
354.5	341.5
355.5	286.5
355.5	297.5
355.5	308.5
355.5	319.5
355.5	330.5
356.5	176.5
356.5	187.5
356.5	198.5
356.5	209.5
357.5	88.5
357.5	99.5
357.5	110.5
357.5	121.5
357.5	385.5
357.5	396.5
358.5	484.5
358.5	495.5
358.5	506.5
359.5	418.5
359.5	429.5
359.5	517.5
359.5	528.5
360.28	542.31
361.5	242.5
361.5	253.5
361.5	264.5
361.5	440.5
361.5	451.5
361.5	462.5
361.5	473.5
362.5	374.5
362.5	407.5
363.5	352.5
363.5	363.5
364.5	132.5
364.5	143.5
364.5	154.5
364.5	165.5
364.5	220.5
364.5	231.5
364.5	275.5
365.5	341.5
366.5	286.5
366.5	297.5
366.5	308.5
366.5	319.5
366.5	330.5
367.5	176.5
367.5	187.5
367.5	198.5
367.5	209.5
368.5	88.5
368.5	99.5
368.5	110.5
368.5	121.5
368.5	385.5
368.5	396.5
369.5	484.5
369.5	495.5
369.5	506.5
370.5	418.5
370.5	429.5
370.5	517.5
370.95	532.05
366	542.63
373.19	241.58
372.5	253.95
372.5	264.95
373.19	439.58
372.5	451.95
372.5	462.95
372.5	473.95
374.36	373.71
374.36	406.71
375.43	352.1
373.38	364.5
376.44	132.44
375.5	145.95
375.5	156.95
375.5	167.95
376.44	220.44
375.17	233.94
376.36	276.64
377.19	340.5
378.19	289.65
377.5	301.59
377.5	312.59
377.5	323.59
375.7	332.3
379.36	180.07
378.5	192.5
378.5	203.5
378.5	214.17
379.5	94.41
379.5	105.41
379.5	116.41
380.33	127.83
380.38	388.62
380.25	403.25
381.13	487.5
380.5	502.32
380.5	512.27
382.13	422.24
379.75	517.75
376.5	532.5
384.13	247.24
383.5	262.59
384.19	437.04
383.5	449.59
383.5	460.59
383.5	471.59
385.95	357.3
385.5	373.14
387.28	138.11
386.5	153.32
386.5	164.32
387.13	225.76
387.36	272
388.5	285.5
388.5	296.5
388.5	307.5
388.5	318.5
388.5	329.5
388.5	340.5
389.5	175.5
389.5	186.5
389.5	197.5
389.5	208.5
390.5	98.5
390.5	109.5
390.5	120.5
390.5	384.5
390.5	395.5
390.5	406.5
390.96	484.19
386.5	494.5
386.5	505.5
392.5	417.5
394.5	241.5
394.5	252.5
394.5	428.5
394.5	439.5
394.5	450.5
394.5	461.5
394.5	472.5
396.5	351.5
396.5	362.5
396.5	373.5
397.5	131.5
397.5	142.5
397.5	153.5
397.5	164.5
397.5	219.5
397.5	230.5
397.5	263.5
397.5	274.5
399.5	285.5
399.5	296.5
399.5	307.5
399.5	318.5
399.5	329.5
399.5	340.5
400.5	175.5
400.5	186.5
400.5	197.5
400.5	208.5
401.5	98.5
401.5	109.5
401.5	120.5
401.5	384.5
401.5	395.5
401.5	406.5
403.28	486.78
404.19	418.88
406.43	243.63
405.5	255.95
406.19	431.12
405.5	442.95
405.5	453.95
405.5	464.95
405.3	475.3
408.38	353.5
407.5	367.05
407.5	378.05
409.28	133
408.5	147.23
408.5	158.23
408.5	169.23
409.28	221
408.21	232.5
409.36	265.86
408.5	279.23
411.19	288.12
410.5	301.41
410.5	312.41
410.5	323.41
410.5	334.41
411.1	341.3
412.36	177.29
411.5	191.5
411.5	202.5
413.25	209.25
412.95	97.05
412.5	112.59
413.33	120.83
412.95	394.05
412.5	409.59
413.74	492.05
417.13	247.71
416.74	424.5
416.5	440.5
416.5	451.5
416.5	462.5
416.5	473.5
418.25	483.25
418.74	357.79
418.5	373.59
419.93	384.07
419.44	501.34
419.5	132.5
419.5	143.5
419.5	154.5
419.5	220.5
419.5	231.5
419.5	264.5
421.5	275.5
421.5	286.5
421.5	297.5
421.5	308.5
421.5	319.5
421.5	330.5
421.5	341.5
422.5	165.5
422.5	176.5
422.5	187.5
422.5	198.5
422.5	209.5
423.5	88.5
423.5	99.5
423.5	110.5
423.5	121.5
423.5	396.5
423.5	407.5
427.5	242.5
427.5	253.5
427.5	418.5
427.5	429.5
427.5	440.5
427.5	451.5
427.5	462.5
427.5	473.5
427.5	484.5
429.5	352.5
429.5	363.5
429.5	374.5
429.5	385.5
429.5	499.75
430.5	132.5
430.5	143.5
430.5	154.5
430.5	220.5
430.5	231.5
430.5	264.5
432.92	276.25
432.5	287.41
432.5	298.41
432.5	309.41
432.5	320.41
432.5	331.41
432.5	342.41
434.19	166.88
433.5	178.32
433.5	189.32
433.5	200.32
433.5	211.32
435.36	90.29
434.5	102.14
434.5	113.14
434.5	124.14
435.36	398.29
434.5	410.14
439.28	244
438.5	258.23
439.43	420.57
438.5	434.23
438.5	445.23
438.5	456.23
438.5	467.23
438.5	478.23
438.5	489.23
441.13	353.03
440.5	368.41
440.5	379.41
441.25	388.63
440.5	498.63
442.28	132.72
441.5	148.5
442.28	158.39
442.13	220.61
443.25	232.25
442.73	265.65
443.74	284.74
443.5	300.77
443.5	311.77
443.5	322.77
443.5	333.77
445.25	342
444.95	173.35
444.5	188.95
444.5	199.95
445.1	209.3
445.74	85.17
445.5	101.23
445.5	112.23
447.3	121.9
446.28	402.83
446.95	511.38
449.5	243.5
449.5	419.5
449.5	430.5
449.5	441.5
449.5	452.5
449.5	463.5
449.5	474.5
451.5	353.5
451.5	364.5
451.5	375.5
451.5	386.5
451.5	485.5
451.5	496.5
452.92	134.25
452.5	145.41
452.5	156.41
452.92	222.25
452.5	233.41
452.92	255.25
452.5	266.41
455.19	278.5
454.5	290.14
454.5	301.14
454.5	312.14
454.5	323.14
454.5	334.14
454.5	345.14
456.36	168.86
455.5	180.95
455.5	191.95
455.5	202.95
455.3	213.3
457.44	80.69
456.5	93.59
456.5	104.59
456.5	115.59
456.4	126
457.44	399.69
456.5	412.59
458.38	509.5
456.83	522.97
461.33	243.5
461.43	420.77
460.5	435.41
460.5	446.41
460.5	457.41
460.5	468.41
460.5	479.41
462.95	363.55
462.5	379.05
463.25	388.25
463.44	493.44
463.74	143.79
464.28	158.72
464.36	229
463.95	264.3
465.29	285.71
465.5	300.68
465.5	311.68
465.5	322.68
465.5	333.68
465.5	344.68
467.25	353.75
466.65	173.25
466.5	188.77
466.5	199.77
466.5	210.77
468.3	218.9
466.83	74.9
467.5	88.05
467.5	99.05
467.5	110.05
467.5	121.05
468.93	130.36
468.32	401.26
468.03	531.39
468.92	511.76
467.83	523.5
472.13	248.24
471.74	423.31
471.5	439.23
471.5	450.23
471.5	461.23
471.5	472.23
471.5	483.23
473.74	369.31
473.5	385.41
474.19	493.73
475.03	139.91
474.5	154.59
474.89	227.5
475.04	262.88
474.5	275.59
477.36	288.43
476.5	300.41
476.5	311.41
476.5	322.41
476.5	333.41
476.5	344.41
476.5	355.41
478.43	167.37
477.5	179.95
477.5	190.95
477.5	201.95
477.5	212.95
479.28	80
478.5	94.23
478.5	105.23
478.5	116.23
478.61	126.06
479.28	399
478.5	413.23
478.6	533.68
480.13	508.45
479.79	520.64
482.95	241.95
482.95	428.95
482.5	444.5
482.5	455.5
482.5	466.5
482.5	477.5
484.95	371.95
485.25	386.25
485.44	491.13
485.74	140.6
486.28	155.61
486.36	225.43
485.74	261.6
485.9	277.1
487.74	292.5
487.5	308.5
487.5	319.5
487.5	330.5
487.5	341.5
487.5	352.5
489.25	360.75
488.74	170.4
488.5	186.32
488.5	197.32
488.5	208.32
490.25	215.25
490.13	69.45
489.5	84.32
489.5	95.32
489.5	106.32
489.5	117.32
489.79	125.64
490.13	399.45
489.7	413.8
490.13	531.45
489.5	543.91
490.95	508.95
489.17	519.83
494.13	241.61
493.74	429.74
493.5	445.77
493.5	456.77
493.5	467.77
493.9	478.2
495.74	373.17
496.93	388.07
496.44	492.13
496.74	141.5
497.28	156.94
497.36	226.64
496.74	262.5
496.9	278.1
498.74	294.79
498.5	310.59
498.5	321.59
498.5	332.59
498.5	343.59
498.5	354.59
500.25	364
499.5	168.5
499.5	179.5
499.5	190.5
499.5	201.5
499.5	212.5
500.5	58.5
500.5	69.5
500.5	80.5
500.5	91.5
500.5	102.5
500.5	113.5
500.5	124.5
500.5	399.5
500.5	410.5
500.5	531.5
500.5	542
501.5	509.5
501.5	520.5
504.5	245.5
504.5	421.5
504.5	432.5
504.5	443.5
504.5	454.5
504.5	465.5
504.5	476.5
506.5	377.5
506.5	388.5
506.5	487.5
506.5	498.5
507.5	135.5
507.5	146.5
507.5	157.5
507.5	223.5
507.5	234.5
507.5	256.5
507.5	267.5
507.5	278.5
509.5	289.5
509.5	300.5
509.5	311.5
509.5	322.5
509.5	333.5
509.5	344.5
509.5	355.5
509.5	366.5
510.5	168.5
510.5	179.5
510.5	190.5
510.5	201.5
510.5	212.5
511.5	58.5
511.5	69.5
511.5	80.5
511.5	91.5
511.5	102.5
511.5	113.5
511.5	124.5
511.5	399.5
511.5	410.5
511.5	531.5
511.5	544.75
512.92	510.25
512.5	521.41
516.43	247.63
516.43	423.63
515.5	435.95
515.5	446.95
515.5	457.95
515.5	468.95
515.5	479.95
518.38	379.5
517.5	393.05
518.19	490.58
517.5	502.5
519.28	137
518.5	151.23
518.5	162.23
519.28	225
518.21	236.5
519.36	258.86
518.5	272.23
518.5	283.23
520.43	551.13
521.19	292.12
520.5	305.41
520.5	316.41
520.5	327.41
520.5	338.41
520.5	349.41
520.5	360.41
521.1	367.3
522.36	170.43
521.5	184.59
521.5	195.59
521.5	206.59
523.25	213.5
522.95	57.55
522.5	73.05
522.5	84.05
522.5	95.05
522.5	106.05
522.5	117.05
523.33	125.67
523.28	408.44
523.36	538.79
523.74	519.79
523.5	534.5
526.65	428.25
526.5	443.77
526.5	454.77
526.5	465.77
526.9	476.3
528.85	381.25
529.28	395.72
528.92	491.76
529.28	505.72
530.28	139.17
529.5	153.41
530.13	226.66
529.5	241.41
529.5	252.41
529.5	263.41
529.5	274.41
531.13	555.84
532.19	285.88
531.5	298.23
531.5	309.23
531.5	320.23
531.5	331.23
531.5	342.23
531.5	353.23
531.5	364.23
533.25	375.25
533.36	165
532.5	178.05
532.5	189.05
532.5	200.05
532.5	211.05
533.5	57.59
533.5	68.59
533.5	79.59
533.5	90.59
533.5	101.59
533.5	112.59
533.5	123.59
534.44	406.44
534.63	420.88
535.38	516.26
534.5	530.95
534.5	541.95
538.43	429.5
537.5	443.41
537.5	454.41
537.5	465.41
537.5	476.41
539.5	388.5
539.5	487.5
539.5	498.5
540.5	135.5
540.5	146.5
540.5	223.5
540.5	234.5
540.5	245.5
540.5	256.5
540.5	267.5
540.64	554.79
542.5	278.5
542.5	289.5
542.5	300.5
542.5	311.5
542.5	322.5
542.5	333.5
542.5	344.5
542.5	355.5
542.5	366.5
542.5	377.5
543.5	157.5
543.5	168.5
543.5	179.5
543.5	190.5
543.5	201.5
543.5	212.5
544.5	58.5
544.5	69.5
544.5	80.5
544.5	91.5
544.5	102.5
544.5	113.5
544.5	124.5
544.5	399.5
544.5	410.5
545.5	509.5
545.5	520.5
545.5	531.5
545.5	542.5
548.5	421.5
548.5	432.5
548.5	443.5
548.5	454.5
548.5	465.5
548.5	476.5
550.5	388.5
550.5	487.5
550.5	498.5
551.92	134.75
551.5	146.59
551.92	222.75
551.5	234.59
551.5	245.59
551.5	256.59
551.5	267.59
553.28	555.11
554.19	278.42
553.5	290.5
553.5	301.5
553.5	312.5
553.5	323.5
553.5	334.5
553.5	345.5
553.5	356.5
553.5	367.5
553.5	378.5
555.36	157.79
554.5	170.23
554.5	181.23
554.5	192.23
554.5	203.23
554.3	214.3
555.5	60.95
555.5	71.95
555.5	82.95
555.5	93.95
555.5	104.95
555.5	115.95
555.4	127.1
556.44	399.44
555.5	412.95
557.38	509.85
556.5	523.77
556.5	534.77
556.39	545.94
560.43	425.43
559.5	438.41
559.5	449.41
559.5	460.41
559.5	471.41
559.5	482.41
562.19	493.88
561.25	562.58
563.28	140.22
563.13	227.82
562.5	243.05
562.5	254.05
562.5	265.05
565.19	275.35
564.5	287.95
564.5	298.95
564.5	309.95
564.5	320.95
564.5	331.95
564.5	342.95
564.5	353.95
564.5	364.95
564.5	375.95
564.5	386.95
566.36	153.86
565.5	167.14
565.5	178.14
565.5	189.14
565.5	200.14
565.5	211.14
566.5	68.32
566.5	79.32
566.5	90.32
566.5	101.32
566.5	112.32
566.5	123.32
567.19	396.65
566.5	409.32
568.38	504.56
567.5	519.41
567.5	530.41
567.5	541.41
567.5	552.41
570.5	420.5
570.5	431.5
570.5	442.5
570.5	453.5
570.5	464.5
570.5	475.5
572.5	486.5
573.44	559.41
573.5	134.5
573.5	222.5
573.5	233.5
573.5	244.5
573.5	255.5
575.5	266.5
575.5	277.5
575.5	288.5
575.5	299.5
575.5	310.5
575.5	321.5
575.5	332.5
575.5	343.5
575.5	354.5
575.5	365.5
575.5	376.5
576.5	145.5
576.5	156.5
576.5	167.5
576.5	178.5
576.5	189.5
576.5	200.5
576.5	211.5
577.5	68.5
577.5	79.5
577.5	90.5
577.5	101.5
577.5	112.5
577.5	123.5
577.5	387.5
577.5	398.5
577.5	409.5
578.5	497.5
578.5	508.5
578.5	519.5
578.5	530.5
578.5	541.5
581.5	420.5
581.5	431.5
581.5	442.5
581.5	453.5
581.5	464.5
581.5	475.5
583.5	486.5
583.5	552.5
584.13	567.18
584.5	134.5
584.5	222.5
584.5	233.5
584.5	244.5
584.5	255.5
586.5	266.5
586.5	277.5
586.5	288.5
586.5	299.5
586.5	310.5
586.5	321.5
586.5	332.5
586.5	343.5
586.5	354.5
586.5	365.5
586.5	376.5
587.5	145.5
587.5	156.5
587.5	167.5
587.5	178.5
587.5	189.5
587.5	200.5
587.5	211.5
588.5	68.5
588.5	79.5
588.5	90.5
588.5	101.5
588.5	112.5
588.5	123.5
588.5	387.5
588.5	398.5
588.5	409.5
589.5	497.5
589.5	508.5
589.5	519.5
589.5	530.5
589.5	541.5
592.5	420.5
592.5	431.5
592.5	442.5
592.5	453.5
592.5	464.5
592.5	475.5
594.5	486.5
594.5	552.5
594.5	568.25
595.5	134.5
595.5	222.5
595.5	233.5
595.5	244.5
595.5	255.5
597.5	266.5
597.5	277.5
597.5	288.5
597.5	299.5
597.5	310.5
597.5	321.5
597.5	332.5
597.5	343.5
597.5	354.5
597.5	365.5
597.5	376.5
598.5	145.5
598.5	156.5
598.5	167.5
598.5	178.5
598.5	189.5
598.5	200.5
598.5	211.5
599.5	68.5
599.5	79.5
599.5	90.5
599.5	101.5
599.5	112.5
599.5	123.5
599.5	387.5
599.5	398.5
599.5	409.5
600.5	497.5
600.5	508.5
600.5	519.5
600.5	530.5
600.5	541.5
603.5	420.5
603.5	431.5
603.5	442.5
603.5	453.5
603.5	464.5
603.5	475.5
605.5	486.5
605.5	552.5
605.05	567.83
606.5	134.5
606.5	222.5
606.5	233.5
606.5	244.5
606.5	255.5
608.5	266.5
608.5	277.5
608.5	288.5
608.5	299.5
608.5	310.5
608.5	321.5
608.5	332.5
608.5	343.5
608.5	354.5
608.5	365.5
608.5	376.5
609.5	145.5
609.5	156.5
609.5	167.5
609.5	178.5
609.5	189.5
609.5	200.5
609.5	211.5
610.5	68.5
610.5	79.5
610.5	90.5
610.5	101.5
610.5	112.5
610.5	123.5
610.5	387.5
610.5	398.5
610.5	409.5
611.5	497.5
611.5	508.5
611.5	519.5
611.5	530.5
611.5	541.5
614.5	420.5
614.5	431.5
614.5	442.5
614.5	453.5
614.5	464.5
614.5	475.5
614.95	578.22
616.5	486.5
616.5	552.5
616.5	563.5
617.5	134.5
617.5	222.5
617.5	233.5
617.5	244.5
617.5	255.5
619.5	266.5
619.5	277.5
619.5	288.5
619.5	299.5
619.5	310.5
619.5	321.5
619.5	332.5
619.5	343.5
619.5	354.5
619.5	365.5
619.5	376.5
620.5	145.5
620.5	156.5
620.5	167.5
620.5	178.5
620.5	189.5
620.5	200.5
620.5	211.5
621.5	68.5
621.5	79.5
621.5	90.5
621.5	101.5
621.5	112.5
621.5	123.5
621.5	387.5
621.5	398.5
621.5	409.5
622.5	497.5
622.5	508.5
622.5	519.5
622.5	530.5
622.5	541.5
625.5	420.5
625.5	431.5
625.5	442.5
625.5	453.5
625.5	464.5
625.5	475.5
625.5	579
627.5	486.5
627.5	552.5
627.5	563.5
628.5	134.5
628.5	222.5
628.5	233.5
628.5	244.5
628.5	255.5
630.5	266.5
630.5	277.5
630.5	288.5
630.5	299.5
630.5	310.5
630.5	321.5
630.5	332.5
630.5	343.5
630.5	354.5
630.5	365.5
630.5	376.5
631.5	145.5
631.5	156.5
631.5	167.5
631.5	178.5
631.5	189.5
631.5	200.5
631.5	211.5
632.5	68.5
632.5	79.5
632.5	90.5
632.5	101.5
632.5	112.5
632.5	123.5
632.5	387.5
632.5	398.5
632.5	409.5
633.5	497.5
633.5	508.5
633.5	519.5
633.5	530.5
633.5	541.5
636.5	420.5
636.5	431.5
636.5	442.5
636.5	453.5
636.5	464.5
636.5	475.5
636.5	579
638.5	486.5
638.5	552.5
638.5	563.5
639.5	134.5
639.5	222.5
639.5	233.5
639.5	244.5
639.5	255.5
641.92	265.75
641.5	277.59
641.5	288.59
641.5	299.59
641.5	310.59
641.5	321.59
641.5	332.59
641.5	343.59
641.5	354.59
641.5	365.59
641.5	376.59
643.19	144.58
642.5	156.95
642.5	167.95
642.5	178.95
642.5	189.95
642.5	200.95
642.5	211.95
643.5	69.5
643.5	80.5
643.5	91.5
643.5	102.5
643.5	113.5
643.5	124.5
644.19	387.42
643.5	399.5
643.5	410.5
645.43	497.1
644.5	510.23
644.5	521.23
644.5	532.23
644.5	543.23
648.43	422.83
647.5	435.59
647.5	446.59
647.5	457.59
647.5	468.59
647.5	479.59
647.46	576.91
651.17	491.39
650.44	556
649.5	568.5
651.81	138.06
651.13	225.5
650.5	240.32
650.5	251.32
650.9	262.9
653.19	273.42
652.5	285.95
652.5	296.95
652.5	307.95
652.5	318.95
652.5	329.95
652.5	340.95
652.5	351.95
652.5	362.95
652.5	373.95
653.36	583.86
654.36	152.14
653.5	165.41
653.5	176.41
653.5	187.41
653.5	198.41
653.5	209.41
654.5	77.59
654.5	88.59
654.5	99.59
654.5	110.59
654.5	121.59
654.83	384.67
654.5	396.59
654.5	407.59
655.9	503.77
655.5	517.59
655.5	528.59
655.5	539.59
659.28	421
658.5	435.23
658.5	446.23
658.5	457.23
658.5	468.23
658.5	479.23
661.77	486.77
660.95	551.95
660.5	567.41
660.8	577.85
662.13	132.55
661.74	221.6
661.5	237.59
661.5	248.59
661.9	259.1
663.74	275.79
663.5	291.77
663.5	302.77
663.5	313.77
663.5	324.77
663.5	335.77
663.5	346.77
663.5	357.77
663.5	368.77
664.71	153.71
664.5	168.68
664.5	179.68
664.5	190.68
664.5	201.68
665.1	211.7
665.39	588.71
665.29	76.71
665.5	91.68
665.5	102.68
665.5	113.68
667.3	123.7
665.29	384.71
665.5	399.68
666.63	409.75
666.65	503.25
666.5	518.77
666.5	529.77
667.93	539.64
670.38	423.62
669.5	437.41
669.5	448.41
669.5	459.41
669.5	470.41
672.19	481.88
671.88	494
671.95	555.8
671.5	571.23
672.63	582.88
672.95	138.45
672.95	226.45
672.5	242.05
672.5	253.05
672.5	264.05
675.19	274.35
674.5	286.95
674.5	297.95
674.5	308.95
674.5	319.95
674.5	330.95
674.5	341.95
674.5	352.95
674.5	363.95
674.5	374.95
676.36	152.86
675.5	166.14
675.5	177.14
675.5	188.14
675.5	199.14
675.5	210.14
676.43	590.97
676.5	78.32
676.5	89.32
676.5	100.32
676.5	111.32
676.5	122.32
677.19	384.65
676.5	397.32
676.5	408.32
678.38	503.56
677.5	518.41
677.5	529.41
677.5	540.41
680.5	419.5
680.5	430.5
680.5	441.5
680.5	452.5
680.5	463.5
682.5	474.5
682.5	485.5
682.5	551.5
682.5	562.5
682.5	573.5
683.5	133.5
683.5	221.5
683.5	232.5
683.5	243.5
683.5	254.5
685.5	265.5
685.5	276.5
685.5	287.5
685.5	298.5
685.5	309.5
685.5	320.5
685.5	331.5
685.5	342.5
685.5	353.5
685.5	364.5
686.5	144.5
686.5	155.5
686.5	166.5
686.5	177.5
686.5	188.5
686.5	199.5
686.5	210.5
686.5	589
687.5	78.5
687.5	89.5
687.5	100.5
687.5	111.5
687.5	122.5
687.5	375.5
687.5	386.5
687.5	397.5
687.5	408.5
688.5	496.5
688.5	507.5
688.5	518.5
688.5	529.5
688.5	540.5
691.92	418.75
691.5	430.59
691.5	441.59
691.5	452.59
691.5	463.59
694.19	474.42
693.5	486.5
694.36	550.71
693.5	563.5
693.5	574.5
695.43	133.1
695.43	221.1
694.5	234.23
694.5	245.23
694.5	256.23
697.19	267.88
696.5	279.77
696.5	290.77
696.5	301.77
696.5	312.77
696.5	323.77
696.5	334.77
696.5	345.77
696.5	356.77
696.5	367.77
698.36	147.21
697.5	159.59
697.5	170.59
697.5	181.59
697.5	192.59
697.5	203.59
697.21	214.21
697.45	588.38
698.5	83.5
698.5	94.5
698.5	105.5
698.5	116.5
698.79	127.64
699.19	379.5
698.5	391.5
698.5	402.5
698.7	413.9
700.38	499.62
699.5	513.41
699.5	524.41
699.5	535.41
700.25	547.25
703.43	425.5
702.5	439.05
702.5	450.05
702.5	461.05
703.36	593.86
705.19	471.35
704.5	483.95
705.44	557.69
704.5	571.95
706.13	226.66
705.5	242.14
705.5	253.14
708.19	262.73
707.5	275.41
707.5	286.41
707.5	297.41
707.5	308.41
707.5	319.41
707.5	330.41
707.5	341.41
707.5	352.41
707.5	363.41
708.5	143.5
708.5	154.5
708.5	165.5
708.5	176.5
708.5	187.5
708.5	198.5
708.5	209.5
709.38	586.85
709.5	88.5
709.5	99.5
709.5	110.5
709.5	121.5
709.5	132.5
709.5	374.5
709.5	385.5
709.5	396.5
709.5	407.5
710.5	495.5
710.5	506.5
710.5	517.5
710.5	528.5
710.5	539.5
714.36	417.71
713.5	430.5
713.5	441.5
713.5	452.5
716.19	464.12
715.5	475.95
715.5	486.95
716.44	550.44
715.5	563.95
715.5	574.95
717.38	220.85
716.5	234.77
716.5	245.77
719.19	257.5
718.5	269.5
718.5	280.5
718.5	291.5
718.5	302.5
718.5	313.5
718.5	324.5
718.5	335.5
718.5	346.5
718.5	357.5
718.5	368.5
719.95	145.05
719.5	160.41
719.5	171.41
719.5	182.41
719.5	193.41
719.5	204.41
720.1	215.3
719.61	588.22
720.5	95.32
720.5	106.32
720.5	117.32
720.5	128.32
720.5	137.5
721.19	380.12
720.5	392.32
720.5	403.32
721.63	415.5
722.38	500.03
721.5	514.23
721.5	525.23
721.5	536.23
723.1	593.7
725.43	425.17
724.5	438.95
724.5	449.95
727.19	459.65
726.5	472.32
726.5	483.32
727.44	545.94
726.5	560.32
726.5	571.32
728.13	225.82
727.5	241.41
729.5	252.5
729.5	263.5
729.5	274.5
729.5	285.5
729.5	296.5
729.5	307.5
729.5	318.5
729.5	329.5
729.5	340.5
729.5	351.5
729.5	362.5
730.5	153.5
730.5	164.5
730.5	175.5
730.5	186.5
730.5	197.5
730.5	208.5
731.13	586.71
731.5	98.59
731.5	109.59
731.5	120.59
731.5	131.59
731.5	142.59
731.92	372.75
731.5	384.59
731.5	395.59
731.5	406.59
733.19	493.58
732.5	505.95
732.5	516.95
732.5	527.95
736.43	418.1
735.5	430.95
735.5	441.95
738.19	453.65
737.5	465.59
737.5	476.59
737.61	487.94
738.44	540.38
737.5	553.59
737.5	564.59
737.5	575.59
739.13	220.66
738.5	235.5
738.5	246.5
741.19	258.12
740.5	270.32
740.5	281.32
740.5	292.32
740.5	303.32
740.5	314.32
740.5	325.32
740.5	336.32
740.5	347.32
740.5	358.32
740.9	369.9
741.74	156.31
741.5	172.23
741.5	183.23
741.5	194.23
741.5	205.23
742.06	588.22
742.5	107.05
742.5	118.05
742.5	129.05
742.5	140.05
743.19	380.58
742.5	393.05
742.5	404.05
742.92	599.13
744.38	500.03
743.5	514.59
743.5	525.59
747.43	413.43
746.5	427.32
746.5	438.32
748.5	449.5
748.5	460.5
748.5	471.5
748.5	482.5
748.5	537.5
748.5	548.5
748.5	559.5
748.5	570.5
749.5	218.5
749.5	229.5
749.5	240.5
751.92	250.75
751.5	262.59
751.5	273.59
751.5	284.59
751.5	295.59
751.5	306.59
751.5	317.59
751.5	328.59
751.5	339.59
751.5	350.59
751.5	361.59
753.19	151.58
752.5	163.95
752.5	174.95
752.5	185.95
752.5	196.95
752.5	207.95
753.19	580.58
753.5	109.5
753.5	120.5
753.5	131.5
752.72	142.17
754.19	372.42
753.5	384.5
753.5	395.5
753.15	596.8
755.43	493.1
754.5	506.23
754.5	517.23
754.5	528.23
758.43	407.83
757.5	420.59
757.5	431.59
757.5	442.59
760.19	454.35
759.5	466.41
759.5	477.41
760.36	489.07
760.44	541
759.5	554.41
759.5	565.41
760.06	577.17
761.13	221.5
760.5	236.32
760.9	247.9
761.27	602.92
763.19	258.58
762.5	271.05
762.5	282.05
762.5	293.05
762.5	304.05
762.5	315.05
762.5	326.05
762.5	337.05
762.5	348.05
762.5	359.05
763.74	156.5
763.5	172.59
763.5	183.59
763.5	194.59
763.5	205.59
764.5	117.95
764.5	128.95
764.5	139.95
765.19	369.35
764.5	381.95
764.5	392.95
765.44	587.69
766.38	499.38
765.5	514.14
765.5	525.14
768.5	404.5
768.5	415.5
768.5	426.5
768.5	437.5
770.5	448.5
770.5	459.5
770.5	470.5
770.5	481.5
770.5	536.5
770.5	547.5
770.5	558.5
770.5	569.5
771.5	217.5
771.5	228.5
771.5	239.5
772.5	602
773.5	250.5
773.5	261.5
773.5	272.5
773.5	283.5
773.5	294.5
773.5	305.5
773.5	316.5
773.5	327.5
773.5	338.5
773.5	349.5
774.5	151.5
774.5	162.5
774.5	173.5
774.5	184.5
774.5	195.5
774.5	206.5
775.5	118.5
775.5	129.5
775.5	140.5
775.5	360.5
775.5	371.5
775.5	382.5
775.5	393.5
775.5	580.5
775.5	591.5
776.5	492.5
776.5	503.5
776.5	514.5
776.5	525.5
779.5	404.5
779.5	415.5
779.5	426.5
779.5	437.5
781.5	448.5
781.5	459.5
781.5	470.5
781.5	481.5
781.5	536.5
781.5	547.5
781.5	558.5
781.5	569.5
782.5	217.5
782.5	228.5
782.5	239.5
783.5	602
784.5	250.5
784.5	261.5
784.5	272.5
784.5	283.5
784.5	294.5
784.5	305.5
784.5	316.5
784.5	327.5
784.5	338.5
784.5	349.5
785.5	151.5
785.5	162.5
785.5	173.5
785.5	184.5
785.5	195.5
785.5	206.5
786.5	118.5
786.5	129.5
786.5	140.5
786.5	360.5
786.5	371.5
786.5	382.5
786.5	393.5
786.5	580.5
786.5	591.5
787.5	492.5
787.5	503.5
787.5	514.5
787.5	525.5
790.5	404.5
790.5	415.5
790.5	426.5
790.5	437.5
793.19	447.58
792.5	459.95
792.5	470.95
792.5	481.95
793.19	535.58
792.5	547.95
792.5	558.95
792.5	569.95
794.36	216.71
793.5	229.5
793.5	240.5
795.43	601.1
796.19	252.12
795.5	263.95
795.5	274.95
795.5	285.95
795.5	296.95
795.5	307.95
795.5	318.95
795.5	329.95
795.5	340.95
795.5	351.95
797.38	151.85
796.5	165.77
796.5	176.77
796.5	187.77
796.5	198.77
796.13	209.63
797.5	122.59
797.5	133.59
795.7	142.3
798.19	363.65
797.5	375.59
797.5	386.59
797.5	397.59
798.44	582.38
797.21	595.21
799.38	494.79
798.5	508.5
798.5	519.5
798.83	531.06
802.43	409.9
801.5	423.23
801.5	434.23
804.19	445.04
803.5	457.59
803.5	468.59
803.5	479.59
804.44	542.44
803.5	556.59
803.5	567.59
805.13	222.5
804.5	237.95
806.43	604.13
807.19	247.65
806.5	260.32
806.5	271.32
806.5	282.32
806.5	293.32
806.5	304.32
806.5	315.32
806.5	326.32
806.5	337.32
806.5	348.32
807.74	156.21
807.5	172.41
807.5	183.41
807.5	194.41
807.5	205.41
808.5	128.5
808.5	139.5
808.5	359.5
808.5	370.5
808.5	381.5
808.5	392.5
808.5	579.5
808.5	590.5
809.5	491.5
809.5	502.5
809.5	513.5
809.5	524.5
812.5	403.5
812.5	414.5
812.5	425.5
814.5	436.5
814.5	447.5
814.5	458.5
814.5	469.5
814.5	480.5
814.5	535.5
814.5	546.5
814.5	557.5
814.5	568.5
815.5	216.5
815.5	227.5
815.64	603.36
817.5	238.5
817.5	249.5
817.5	260.5
817.5	271.5
817.5	282.5
817.5	293.5
817.5	304.5
817.5	315.5
817.5	326.5
817.5	337.5
817.5	348.5
818.5	150.5
818.5	161.5
818.5	172.5
818.5	183.5
818.5	194.5
818.5	205.5
819.5	128.5
819.5	139.5
819.5	359.5
819.5	370.5
819.5	381.5
819.5	392.5
819.5	579.5
819.5	590.5
819.5	612
820.5	491.5
820.5	502.5
820.5	513.5
820.5	524.5
824.36	402.43
823.5	415.32
823.5	426.32
826.19	437.65
825.5	449.59
825.5	460.59
825.5	471.59
825.5	482.59
826.44	534.94
825.5	548.59
825.5	559.59
825.5	570.59
827.38	216.26
826.5	230.32
828.28	601.56
829.19	241.81
828.5	253.86
828.5	264.86
828.5	275.86
828.5	286.86
828.5	297.86
828.5	308.86
828.5	319.86
828.5	330.86
828.5	341.86
828.5	352.86
829.36	725.79
829.95	151.25
829.5	166.68
829.5	177.68
829.5	188.68
829.5	199.68
830.1	210.7
826	129
830.5	144
831.19	364.27
830.5	376.5
830.5	387.5
831.63	399.63
831.44	582.88
832.25	597.25
831.36	614.04
832.38	495.09
831.5	509.32
831.5	520.32
835.43	409.17
834.5	422.95
837.19	432.65
836.5	445.32
836.5	456.32
836.5	467.32
836.5	478.32
837.44	529.94
836.5	544.32
836.5	555.32
836.5	566.32
838.13	220.82
838.74	701.4
838.5	717.32
839.5	236.5
839.5	247.5
839.5	258.5
839.5	269.5
839.5	280.5
839.5	291.5
839.5	302.5
839.5	313.5
839.5	324.5
839.5	335.5
839.5	346.5
840.13	731.53
840.5	159.5
840.5	170.5
840.5	181.5
840.5	192.5
840.5	203.5
841.5	148.59
841.92	356.75
841.5	368.59
841.5	379.59
841.5	390.59
841.92	576.75
841.5	588.59
841.5	599.59
840.72	613.33
843.19	488.58
842.5	500.95
842.5	511.95
846.43	402.1
845.5	414.95
848.19	426.65
847.5	438.59
847.5	449.59
847.5	460.59
847.5	471.59
847.61	482.94
848.44	524.38
847.5	537.59
847.5	548.59
847.5	559.59
847.6	570.9
847.9	740.83
849.13	215.66
848.5	230.5
849.28	622.42
850.13	689.45
849.5	704.32
849.5	715.32
851.19	242.12
850.5	254.32
850.5	265.32
850.5	276.32
850.5	287.32
850.5	298.32
850.5	309.32
850.5	320.32
850.5	331.32
850.5	342.32
850.9	353.9
850.92	725.17
851.74	162.4
851.5	178.32
851.5	189.32
851.5	200.32
853.19	365.35
852.5	377.5
852.5	388.5
853.44	583.69
852.5	597.5
852.5	608.5
854.38	496.32
853.5	510.59
857.43	401.9
856.5	414.59
859.19	426.5
858.5	438.5
858.5	449.5
858.5	460.5
858.5	471.5
858.5	482.5
859.44	524.25
858.5	537.5
858.5	548.5
858.5	559.5
858.5	570.5
858.5	736.93
860.13	215.66
859.5	230.41
860.28	623.17
859.5	636.09
860.95	680.65
860.5	695.95
860.5	706.95
862.19	242.04
861.5	254.32
861.5	265.32
861.5	276.32
861.5	287.32
861.5	298.32
861.5	309.32
861.5	320.32
861.5	331.32
861.5	342.32
861.5	353.32
861.92	717.83
863.25	728
862.5	167.5
862.5	178.5
862.5	189.5
862.5	200.5
864.19	365.65
863.5	377.59
863.5	388.59
864.44	583.81
863.5	597.59
863.5	608.59
865.38	496.5
864.5	510.68
865.38	748.56
868.43	401.77
867.5	414.5
869.13	653.66
868.5	668.5
870.19	426.35
869.5	438.41
869.5	449.41
869.5	460.41
869.5	471.41
869.5	482.41
870.44	524
869.5	537.41
869.5	548.41
869.5	559.41
869.5	570.41
871.13	215.5
870.5	230.32
871.28	622.94
870.5	637.32
871.83	648.17
872.36	680.5
871.5	693.32
871.5	704.32
873.19	242.35
872.5	254.5
872.5	265.5
872.5	276.5
872.5	287.5
872.5	298.5
872.5	309.5
872.5	320.5
872.5	331.5
872.5	342.5
872.5	353.5
872.92	716
872.5	727.5
872.5	738.5
873.5	178.59
873.5	189.59
873.5	200.59
875.19	365.88
874.5	377.68
874.5	388.68
875.44	584.06
874.5	597.68
874.5	608.68
876.38	496.56
875.5	510.59
874.62	751.44
879.43	401.63
878.5	414.5
879.95	664.05
881.19	426.12
880.5	438.32
880.5	449.32
880.5	460.32
880.5	471.32
880.5	482.32
881.44	523.75
880.5	537.32
880.5	548.32
880.5	559.32
880.5	570.32
882.13	215.34
881.5	230.32
882.28	622.72
881.5	637.32
881.5	648.32
883.36	680.71
882.5	693.5
882.5	704.5
884.19	242.65
883.5	254.59
883.5	265.59
883.5	276.59
883.5	287.59
883.5	298.59
883.5	309.59
883.5	320.59
883.5	331.59
883.5	342.59
883.5	353.59
883.92	716.17
883.5	727.59
883.5	738.41
884.5	189.68
884.5	200.68
886.19	365.81
885.5	377.59
885.5	388.59
886.44	584.19
885.5	597.59
885.5	608.59
887.38	496.74
886.5	510.59
887.25	742.79
890.43	401.43
889.5	414.41
890.95	664
892.19	426.04
891.5	438.32
891.5	449.32
891.5	460.32
891.5	471.32
891.5	482.32
892.44	523.56
891.5	537.32
891.5	548.32
891.5	559.32
891.5	570.32
893.13	215.34
892.5	230.5
893.28	622.78
892.5	637.5
892.5	648.5
894.36	681
893.5	693.59
893.5	704.59
895.19	242.88
894.5	254.68
894.5	265.68
894.5	276.68
894.5	287.68
894.5	298.68
894.5	309.68
894.5	320.68
894.5	331.68
894.5	342.68
894.5	353.68
894.92	716.33
894.5	727.68
895.5	200.59
897.19	365.73
896.5	377.59
896.5	388.59
897.44	584.38
896.5	597.59
896.5	608.59
898.38	496.79
897.5	510.5
897.34	741.26
901.43	401.17
900.5	414.32
901.95	663.9
903.19	426.35
902.5	438.5
902.5	449.5
902.5	460.5
902.5	471.5
902.5	482.5
903.44	523.69
902.5	537.5
902.5	548.5
902.5	559.5
902.5	570.5
904.73	749.08
904.13	215.39
903.5	230.59
904.28	622.83
903.5	637.59
903.5	648.59
905.36	681.36
904.5	693.68
904.5	704.68
906.19	242.81
905.5	254.59
905.5	265.59
905.5	276.59
905.5	287.59
905.5	298.59
905.5	309.59
905.5	320.59
905.5	331.59
905.5	342.59
905.5	353.59
905.92	716.17
905.5	727.59
908.19	365.58
907.5	377.5
907.5	388.5
908.44	584.31
907.5	597.5
907.5	608.5
909.38	496.79
908.5	510.5
909.75	739.71
912.43	401.03
911.5	414.32
912.95	663.85
914.19	426.35
913.5	438.41
913.5	449.41
913.5	460.41
913.5	471.41
913.5	482.41
914.44	523.56
913.5	537.41
913.5	548.41
913.5	559.41
913.5	570.41
915.64	744.93
913	217.88
914.5	230.41
915.28	622.67
914.5	637.41
914.5	648.41
916.36	680.86
915.5	693.23
915.5	704.23
917.19	242.19
916.5	254.14
916.5	265.14
916.5	276.14
916.5	287.14
916.5	298.14
916.5	309.14
916.5	320.14
916.5	331.14
916.5	342.14
916.5	353.14
916.92	715.67
916.5	727.14
919.19	364.81
918.5	376.86
918.5	387.86
919.44	583.5
918.5	596.86
918.5	607.86
920.38	495.79
919.5	509.68
920.5	738.5
923.43	399.5
922.5	413.05
923.95	661.85
925.19	423.35
924.5	435.95
924.5	446.95
924.5	457.95
924.5	468.95
924.5	479.95
925.44	520.69
924.5	534.95
924.5	545.95
924.5	556.95
924.5	567.95
926.28	619
925.5	634.14
925.5	645.14
927.36	676
926.5	689.32
926.5	700.32
927.5	238.41
927.5	249.41
927.5	260.41
927.5	271.41
927.5	282.41
927.5	293.41
927.5	304.41
927.5	315.41
927.5	326.41
927.5	337.41
927.5	348.41
927.92	710.5
927.5	722.41
929.5	359.5
929.5	370.5
929.5	381.5
929.5	579.5
929.5	590.5
929.5	601.5
930.5	491.5
930.5	502.5
930.5	738.25
934.36	391.71
933.5	404.5
935.43	656.1
936.19	416.12
935.5	427.95
935.5	438.95
935.5	449.95
935.5	460.95
935.5	471.95
935.5	482.95
936.44	513.44
935.5	526.95
935.5	537.95
935.5	548.95
935.5	559.95
935.5	570.95
937.38	612.85
936.5	626.77
936.5	637.77
935.64	647.93
938.36	670.21
937.5	682.59
937.5	693.59
938.5	243.5
938.5	254.5
938.5	265.5
938.5	276.5
938.5	287.5
938.5	298.5
938.5	309.5
938.5	320.5
938.5	331.5
938.5	342.5
938.5	353.5
938.92	705
938.5	716.5
938.5	727.45
941.19	365.12
940.5	377.32
941.63	389.5
941.44	583.75
940.5	597.32
942.3	609.3
942.38	496.15
940.86	736.27
945.43	401.7
947.19	415.73
946.5	427.59
946.5	438.59
946.5	449.59
946.5	460.59
946.5	471.59
946.5	482.59
947.44	513.38
946.5	526.59
946.5	537.59
946.5	548.59
946.5	559.59
946.5	570.59
948.28	623.17
947.5	637.5
947.5	648.5
947.5	659.5
948.92	671
948.5	682.5
948.5	693.5
949.5	254.41
949.5	265.41
949.5	276.41
949.5	287.41
949.5	298.41
949.5	309.41
949.5	320.41
949.5	331.41
949.5	342.41
949.5	353.41
949.92	704.83
949.5	716.41
949.5	727.41
952.19	364.88
951.5	377.23
951.5	388.23
952.44	583.44
951.5	597.23
951.5	608.23
953.38	495.62
952.17	734.06
956.43	398.3
958.19	410.73
957.5	423.41
957.5	434.41
957.5	445.41
957.5	456.41
957.5	467.41
957.5	478.41
958.44	508
957.5	522.41
957.5	533.41
957.5	544.41
957.5	555.41
957.5	566.41
958.5	624.5
958.5	635.5
958.5	646.5
958.5	657.5
959.92	668.5
959.5	680.14
959.5	691.14
960.5	258.5
960.5	269.5
960.5	280.5
960.5	291.5
960.5	302.5
960.5	313.5
960.5	324.5
960.5	335.5
960.5	346.5
960.92	702.08
960.5	713.77
960.33	723.96
963.19	356.42
962.5	368.86
962.5	379.86
963.19	576.42
962.5	588.86
962.26	603.19
964.36	488.43
967.43	391.43
969.19	404.81
968.5	416.86
968.5	427.86
968.5	438.86
968.5	449.86
968.5	460.86
968.5	471.86
968.88	483.38
969.44	502.5
968.5	515.86
968.5	526.86
968.5	537.86
968.5	548.86
968.5	559.86
968.83	571.39
969.5	634.41
969.5	645.41
969.5	656.41
970.92	667.67
970.5	679.32
970.5	690.32
966.5	259.5
971.5	276.41
971.5	287.41
971.5	298.41
971.5	309.41
971.5	320.41
971.5	331.41
971.5	342.41
971.92	701.67
971.5	712.32
967.25	720
974.19	354.65
973.5	366.59
973.5	377.59
974.44	583.81
973.08	598.08
974.42	608.21
978.43	390.77
980.19	404.35
979.5	416.41
979.5	427.41
979.5	438.41
979.5	449.41
979.5	460.41
979.5	471.41
979.5	482.41
979.5	493.41
979.5	504.41
979.5	515.41
979.5	526.41
979.5	537.41
979.5	548.41
979.5	559.41
979.5	570.41
975.5	615.5
980.5	645.32
980.5	656.32
981.5	664.95
977	674.14
981.5	687.05
982.5	287.5
982.5	298.5
982.5	309.5
982.5	320.5
982.5	331.5
982.5	342.5
982	701.78
977.5	708
985.19	354.88
984.5	366.68
984.5	377.68
985.44	584.06
983.97	599.97
989.43	390.63
991.19	404.12
990.5	416.32
990.5	427.32
990.5	438.32
990.5	449.32
990.5	460.32
990.5	471.32
990.5	482.32
990.5	493.32
990.5	504.32
990.5	515.32
990.5	526.32
990.5	537.32
990.5	548.32
990.5	559.32
990.5	570.32
992.96	601.46
986.5	649.5
993.5	297.59
993.5	308.59
993.5	319.59
993.5	330.59
993.5	341.59
996.19	351.5
995.5	364.14
995.5	375.14
996.44	580.81
996	595.56
999.5	386.5
1001.92	396.75
1001.5	408.59
1001.5	419.59
1001.5	430.59
1001.5	441.59
1001.5	452.59
1001.5	463.59
1001.5	474.59
1001.5	485.59
1001.5	496.59
1001.5	507.59
1001.5	518.59
1001.5	529.59
1001.5	540.59
1001.5	551.59
1001.5	562.59
1003	298.63
1004.5	310.95
1004.5	321.95
1004.5	332.95
1007.19	344.35
1006.5	356.32
1006.5	367.32
1006.5	378.32
1007.44	573.87
1005.62	588.68
1011.79	390.5
1013.19	404.35
1012.5	416.5
1012.5	427.5
1012.5	438.5
1012.5	449.5
1012.5	460.5
1012.5	471.5
1012.5	482.5
1012.5	493.5
1012.5	504.5
1012.5	515.5
1012.5	526.5
1012.5	537.5
1012.5	548.5
1012.5	559.5
1015.5	320.59
1015.5	331.59
1018.19	343.58
1017.5	355.5
1017.5	366.5
1017.5	377.5
1018.44	573.31
1017.08	584.29
1022.43	390.03
1024.19	404.65
1023.5	416.59
1023.5	427.59
1023.5	438.59
1023.5	449.59
1023.5	460.59
1023.5	471.59
1023.5	482.59
1023.5	493.59
1023.5	504.59
1023.5	515.59
1023.5	526.59
1023.5	537.59
1023.5	548.59
1023.5	559.59
1026.5	331.59
1029.19	343.5
1028.5	355.5
1028.5	366.5
1028.5	377.5
1029.44	573.25
1028.5	585.14
1033.43	389.9
1035.19	404.12
1034.5	416.14
1034.5	427.14
1034.5	438.14
1034.5	449.14
1034.5	460.14
1034.5	471.14
1034.5	482.14
1034.5	493.14
1034.5	504.14
1034.5	515.14
1034.5	526.14
1034.5	537.14
1034.5	548.14
1034.5	559.14
1035.5	338.83
1035.5	349.83
1039.5	364.95
1039.5	375.95
1040.44	571.38
1039.5	584.95
1039.5	593.73
1044.43	388.1
1046.19	402.35
1045.5	414.23
1045.5	425.23
1045.5	436.23
1045.5	447.23
1045.5	458.23
1045.5	469.23
1045.5	480.23
1045.5	491.23
1045.5	502.23
1045.5	513.23
1045.5	524.23
1045.5	535.23
1045.5	546.23
1045.5	557.23
1046	369
1051.44	569.88
1050.5	583.5
1049.81	593.23
1053	387.88
1054	399.33
1056.5	412.68
1056.5	423.68
1056.5	434.68
1056.5	445.68
1056.5	456.68
1056.5	467.68
1056.5	478.68
1056.5	489.68
1056.5	500.68
1056.5	511.68
1056.5	522.68
1056.5	533.68
1056.5	544.68
1056.5	555.68
1062.44	567.69
1061.5	581.5
1060.64	593.25
1065.36	601.07
1064.5	418.5
1064.5	429.5
1064.5	440.5
1064.5	451.5
1067.5	464.32
1067.5	475.32
1067.5	486.32
1067.5	497.32
1067.5	508.32
1067.5	519.32
1067.5	530.32
1067.5	541.32
1067.5	552.32
1073.17	563.3
1072.5	576.68
1072.5	587.68
1075.85	601.33
1075	468.75
1075	479.75
1075	490.75
1075	501.75
1078.5	514.95
1078.5	525.95
1078.42	535.92
1075	545.75
1083.5	568.59
1083.5	579.59
1084.28	591.06
1086.69	604.06
1088.83	613.67
1089.5	523.05
1086.07	531.79
1093	577.88
1094.5	590.41
1098.36	602.5
1100.19	613.38
1105	598.75
1109.81	613.81
1116.5	615
348.54	546.14
358.15	546.14
377.36	524.19
369.13	536.54
1111.49	607.89
1121.1	607.89
1119.73	612.01
1115.61	610.63
1104.63	607.89

