291.17	671.02
299.72	683.67
306.77	663.55
313.74	693.47
321.77	661.77
320.5	679.23
329.66	702.68
335.96	662.11
335.5	683.23
343.12	703.4
351.17	660.98
350.5	681.43
352.68	719.63
359.6	700.7
365.74	660.02
365.5	681.83
368.04	720.59
373.5	697.5
380.5	652.5
380.5	667.5
380.5	682.5
381.34	715.34
386.96	732.2
389.75	700.75
396.17	658.2
395.5	678.63
396.5	692.2
399	718.06
402.89	735.88
411.5	653.75
410.5	670.17
410.5	685.17
410.5	700.17
412.5	715.17
416.83	731.69
416.74	746.03
426.72	655.02
425.5	672.97
425.5	687.97
425.5	702.97
428.26	718.62
432.66	735.61
431.06	750.47
440.5	649.5
440.5	664.5
440.5	679.5
440.5	694.5
442.5	709.5
446.94	725.31
446.26	746.48
455.39	652.34
455.5	668.37
455.5	683.37
455.5	698.37
458.56	710.63
462.17	733.17
461.3	757.96
471.35	655.31
470.5	675.17
470.5	690.17
473.26	705.32
473.19	721.5
477.26	740.03
476.04	758.66
485.18	651.24
485.5	667.23
485.5	682.23
487.5	697.23
487.5	712.23
488.19	725.65
491.8	752.43
501.75	651.45
500.5	667.97
500.5	682.97
503.26	698.74
502.5	714.7
502.5	729.7
507.66	745.71
505.34	762.32
515.5	646.57
515.5	661.57
515.5	676.57
518.26	690.03
517.5	706.7
517.5	721.7
521.5	736.7
521.06	752.56
523.35	770.35
529.75	650.75
530.5	667.17
533.25	686.63
532.5	707.1
532.5	722.1
536.5	737.1
536.5	752.1
537.88	769.98
545.74	653.5
545.5	675.3
548.79	695.21
547.5	712.1
547.5	727.1
551.5	742.1
551.5	757.1
552.63	773.19
560.5	646.57
560.5	661.57
560.5	676.57
562.5	691.7
562.5	706.7
562.5	721.7
567.66	739.39
566.5	755.43
566.81	773.62
574.76	649.24
575.5	665.23
575.5	680.23
578.35	700
577.5	721.23
581.5	736.5
581.5	751.5
582.5	772.73
590.5	646.5
590.5	661.5
590.5	676.5
593.26	693.03
592.5	708.37
592.5	723.37
596.75	739.06
596.5	754.3
597.28	774.06
605.5	646.23
605.5	661.23
605.5	676.23
607.5	691.23
607.5	706.23
607.5	721.23
612.77	740.45
611.5	757.9
611.59	774.74
621.35	651
620.5	670.77
620.5	685.77
623.26	701.09
622.5	717.63
623.19	732.35
626.5	749.5
627.5	764.5
627.5	783.83
635.5	644.5
635.5	659.5
635.5	674.5
637.5	689.5
637.5	704.5
637.5	719.5
637.5	734.5
642.26	747.97
642.94	763.81
642.5	784.33
650.5	645.23
650.5	660.23
650.5	675.23
653.26	688.62
652.5	705.37
652.5	720.37
653.19	735.35
657.5	750.5
657.5	765.5
657.42	784.38
665.5	645.63
665.5	660.63
668.26	674.09
667.5	690.77
667.5	705.77
667.5	720.77
667.5	735.77
672.69	749.94
672.5	765.83
672.5	786.02
680.07	650.4
683.26	665.15
682.5	682.5
682.5	697.5
682.5	712.5
682.5	727.5
687.96	745.25
687.5	767.1
687.5	787.43
697.61	650.24
697.5	666.23
697.5	681.23
697.5	696.23
697.5	711.23
697.5	726.23
702.5	741.23
702.5	756.23
702.5	771.23
703.19	788.5
712.5	647.5
712.5	662.5
712.5	677.5
712.5	692.5
712.5	707.5
712.5	722.5
717.94	736.69
717.5	752.57
717.5	767.57
717.5	787.85
727.5	648.17
727.5	663.17
727.5	678.17
727.5	693.17
727.5	708.17
727.71	723.14
733.5	741.75
732.5	758.17
732.5	773.17
731.38	788.65
742.5	648.23
742.5	663.23
742.5	678.23
742.5	693.23
742.5	708.23
742.5	723.23
747.5	738.5
747.5	753.5
747.5	768.5
748.35	787.04
757.5	648.5
757.5	663.5
757.5	678.5
757.5	693.5
757.5	708.5
757.5	723.5
762.94	737.69
762.5	753.57
763.75	771.9
760	787.58
772.5	649.43
772.5	664.43
772.5	679.43
772.5	694.43
772.5	709.43
772.71	724.43
778.75	736.7
777.5	755.23
777.5	776.05
787.5	651.37
787.5	666.37
787.5	681.37
787.5	696.37
787.5	711.37
792.5	726.5
792.5	741.5
792.5	756.5
792.5	776.33
802.5	651.9
802.5	666.9
802.5	681.9
802.5	696.9
802.5	711.9
808.75	724.45
807.5	742.83
807.5	757.83
806.25	773.77
817.5	653.9
817.5	668.9
817.5	683.9
817.5	698.9
822.13	719.38
822.5	737.9
822.5	752.9
822.93	767.67
832.5	655.5
832.5	670.5
832.5	685.5
832.5	700.5
837.5	715.9
837.5	730.9
837.5	745.9
836.42	764.21
847.5	657.43
847.5	672.43
847.5	687.43
847.5	702.43
853.75	715.2
852.5	733.77
852.94	749.5
852	762.5
862.5	660.03
862.5	675.03
862.5	690.03
867.94	704.19
867.5	720.1
867.5	735.1
866.65	753.94
877.5	661.77
877.5	676.77
877.71	691.86
883.75	704.4
882.5	723.03
882.5	743.5
892.5	664.03
892.5	679.03
898.75	691.05
897.5	709.63
897.5	724.63
896.65	743.02
907.5	665.3
913.2	679.76
912.5	698.97
912.5	713.97
913.63	732.75
906.5	740
927.5	669.43
927.5	684.43
927.5	699.43
927.5	714.43
926.83	733.78
942.5	670.5
942.5	685.5
942.5	700.5
941.38	719.75
952.63	725.94
957.5	672.57
957.5	687.57
957.5	702.57
966.5	723.82
972.5	672.77
972.5	687.77
972.5	702.77
982.19	719.15
987.5	673.77
987.5	688.77
997.26	701.97
996.5	724.6
1002.5	674.17
1002.42	689.12
1012.63	700.46
1011.5	725.88
1017.5	676.77
1027.37	687.15
1026.5	707.3
1026.58	726
1041.77	680.64
1041.94	698.44
1041.5	713.97
1040.23	727.86
1055.5	676.83
1056.94	691.06
1056.5	706.97
1056.5	726.68
1072.77	681.36
1071.5	698.83
1071.5	713.77
1068.72	728.11
1087.35	681.23
1086.5	701.1
1085.74	716.62
1089.26	727.32
1101.74	679.26
1101.5	701.1
1101.93	715.93
1104.26	726.21
1116.5	674.57
1116.5	689.57
1116.5	704.57
1119.3	723.12
1132.5	679.06
1131.5	698.3
1134.26	713.56
1132.5	726.56
1147.66	675.39
1146.5	691.43
1148.5	706.43
1147.96	723.31
1162.66	675.5
1161.5	691.57
1164.02	709.21
1162.25	727.17
1176.54	676
1176.93	695.5
1178.02	716.78
1184.75	731.3
1191.25	671.9
1191.5	688.37
1191.5	703.37
1194.88	714.81
1198.82	730.48
1206.74	674.88
1206.5	696.7
1208.5	716.25
1214.26	731.15
1221.36	672.21
1221.5	689.1
1221.5	704.1
1224.5	717
1228.09	730.65
1236.5	668.5
1236.5	683.5
1236.5	698.5
1239.5	718.28
1251.5	668.83
1251.5	683.83
1251.5	698.83
1253.5	720.28
1266.46	673.38
1266.5	691.9
1266.5	706.9
1268.82	724.39
1281.15	672.02
1281.5	689.97
1281.5	704.97
1281.93	719.43
1289.07	727.14
1296.5	666.57
1296.5	681.57
1296.5	696.57
1296.5	711.57
1303.54	726.39
1312.17	672.98
1311.5	693.43
1311.5	708.43
1318.68	729.35
1326.07	670.21
1326.5	687.1
1326.5	702.1
1333.27	726.97
1342.17	671.91
1341.5	692.37
1341.5	707.37
1348.59	725.95
1356.5	665.7
1356.5	680.7
1356.5	695.7
1359.5	733.8
1364.66	713.24
1371.92	671
1371.5	690.77
1372.41	704.41
1374.19	730.92
1386.75	713.75
1387.79	669.21
1386.5	686.1
1384.5	696.9
1388.1	730.92
1401.5	664.7
1401.5	679.7
1401.5	694.7
1401.5	709.7
1403.5	730.78
1416.5	664.5
1416.5	679.5
1416.5	694.5
1416.5	709.5
1418.5	729.75
1430.98	669.02
1431.5	686.97
1431.5	701.97
1431.5	716.97
1434.77	731.82
1446.5	664.9
1446.5	679.9
1446.5	694.9
1446.5	709.9
1448.91	729.36
1461.74	671.74
1461.5	693.57
1461.93	708.43
1463.5	730.17
1477.35	669
1476.5	688.77
1476.5	703.77
1476.5	718.77
1478.5	733.68
1480.93	740.79
1491.94	662.75
1491.5	677.9
1491.5	692.9
1491.5	707.9
1494.3	725.25
1495.83	738.8
1505.55	664.86
1506.5	682.37
1506.5	697.37
1506.93	711.86
1512.96	727.93
1521.5	661.5
1521.5	676.5
1521.5	691.5
1521.5	706.5
1527.5	727.9
1535.75	665.15
1536.5	681.7
1536.5	696.7
1537.77	708.5
1542.05	731.55
1551.74	668.74
1551.5	690.57
1551.5	705.57
1553.5	719.8
1557.5	734.73
1567.5	662.67
1566.5	678.3
1566.5	693.3
1566.5	708.3
1566.93	726.29
1581.5	660.7
1581.5	675.7
1581.5	690.7
1581.5	705.7
1581.5	720.7
1580.38	738.67
1597.17	667.39
1596.5	687.9
1596.5	702.9
1596.5	717.9
1595.74	733.21
1597	741.65
1612.35	666.38
1611.5	686.23
1611.5	701.23
1611.5	716.23
1610.97	731.32
1626.5	661.67
1626.5	677.3
1626.5	692.3
1626.5	707.3
1626.5	722.3
1627.5	735.9
1641.64	663.26
1641.5	680.17
1641.5	695.17
1641.5	710.17
1641.5	725.17
1641.83	738.47
1657.17	665.61
1656.5	686.1
1656.5	701.1
1656.5	716.1
1656.5	731.1
1657.25	739.88
1672.37	663.02
1671.5	680.97
1671.5	695.97
1671.5	710.97
1671.5	725.97
1670.59	739.66
1686.5	659.9
1686.5	674.9
1686.5	689.9
1686.5	704.9
1686.5	719.9
1686.5	739.17
1702.5	661.67
1701.5	677.3
1701.5	692.3
1701.5	707.3
1701.5	722.3
1700.28	738.26
1717.79	662.93
1716.5	679.9
1716.5	694.9
1716.5	709.9
1716.5	724.9
1715.38	739.77
1731.5	657.77
1731.5	672.77
1731.5	687.77
1731.5	702.77
1731.5	717.77
1731.5	737.63
1746.28	662.17
1746.5	682.7
1746.5	697.7
1746.5	712.7
1746.5	727.7
1746.83	739.47
1762.17	662.76
1761.5	683.23
1761.5	698.23
1761.5	713.23
1761.5	728.23
1760.5	739.69
1776.5	656.3
1776.5	671.3
1776.5	686.3
1776.5	701.3
1776.5	716.3
1776.5	736.43
1791.5	657.77
1791.5	672.77
1791.5	687.77
1791.5	702.77
1791.5	717.77
1791.5	738.17
1805.55	660.82
1806.5	676.97
1806.5	691.97
1806.5	706.97
1806.5	721.97
1806.63	737.67
1821.5	659.9
1821.5	674.9
1821.5	689.9
1821.5	704.9
1821.5	719.9
1821.5	733.9
1836.5	664.43
1836.5	679.43
1836.5	694.43
1836.5	709.43
1835.77	728.75
1846.83	727.67
1851.5	672.7
1851.5	687.7
1851.5	702.7
1851.68	718.26
1862	685.67
1863.6	700.65
1861.07	713.86

