7.3	291.7
8.17	286.17
8	295.75
9	300
10.1	281.2
11.21	303.71
12.21	287
12	292.5
12	296.5
13.21	278
14.33	308
15.21	300
15	304.5
16.21	283
16	288.5
16	292.5
16	295.5
17.21	274.29
17	279
18	309.63
19.33	300.33
18.83	304.67
20.21	284.29
20	289.75
20	293.75
20	297
21.21	271.57
21	277
21	280
22	310.94
23.21	302.57
23	307
24.33	285.67
24	290.5
24	294.5
23.83	298
25.21	269.57
25	275
25	279
25	282
26	311.38
27.21	304.57
27	309
28.33	287.67
28	292.5
28	296.5
27.83	300
29.21	267.57
29	273
29	277
29	281
29	283.5
30	311.42
31.33	306.33
32	292
32	296
32	300
32	303.5
33.33	265.67
33	270.5
33	274.5
33	278.13
32	280.75
34	309.5
36	293
36	297
36	301
36.3	305.6
37.3	263.4
37	267.75
37	271.75
36.79	276.36
38.17	307.67
40.33	292.33
40	297.25
40	301.25
40	304.88
41.33	262.67
41	267.5
41	271.5
40.67	276
44	279.75
44.21	289.86
44	295.25
44	299.25
44	302.75
42.5	304.5
45.3	260.4
45	264.75
45	268.75
45	272.75
45	276.75
46.33	284.67
48.33	291.67
48	296.5
47.67	300.5
49.21	259.86
49	265.25
49	269.25
49	273.25
49	277.25
49	281.25
50.3	286.4
52.33	291.17
52	296.13
50.5	298
53.3	257.4
53	261.75
53	265.75
53	269.75
53	273.75
53	277.75
53	281.75
54.3	286
56.21	292.71
54.5	295.5
57.21	256.86
57	262.25
57	266.25
57	270.25
57	274.25
57	278.25
57	282.25
58.3	287.4
59.7	291.4
61.3	254.4
61	258.75
61	262.75
61	266.75
61	270.75
61	274.75
61	278.75
61	282.75
62.3	286.9
65.21	253.86
65	259.25
65	263.25
65	267.25
65	271.25
65	275.25
65	279.25
65	283.25
66	286.88
69.33	251.67
69	256.5
69	260.5
69	264.5
69	268.5
69	272.5
69	276.5
69	280.5
68.5	284
73.21	250.57
73	256
73	260
73	264
73	268
73	272
73	276
73	279.75
71.5	282
77.33	248.67
77	253.5
77	257.5
77	261.5
77	265.5
77	269.5
77	273.5
76.67	277.58
81.33	246.67
81	251.5
81	255.5
81	259.5
81	263.5
81	267.5
81	271.5
80.3	275.3
85.3	244.4
85	248.75
85	252.75
85	256.75
85	260.75
85	264.75
85	268.63
84.5	271.83
89.21	243.57
89	249
89	253
89	257
89	261
89	265
88.7	268.7
93.21	241.86
93	247.25
93	251.25
93	255.25
93	259.25
93	263.25
92.25	266.5
97.33	239.67
97	244.5
97	248.5
97	252.5
97	256.5
97	260.5
95.83	263.83
101.33	237.67
101	242.5
101	246.5
101	250.5
101	254.5
101	258.38
100	260.75
105.33	235.67
105	240.5
105	244.5
105	248.5
105	252.5
105	256.13
104	258.5
109.33	233.67
109	238.5
109	242.5
109	246.5
109	250.5
108.67	254.58
113.21	232.57
113	238
113	242
113	246
113	250
112.5	253.13
117.21	230.57
117	236
117	240
117	244
117	248
116	250.75
121.21	228.57
121	234
121	238
121	242
121	245.75
119.5	247.5
125.21	226.57
125	232
125	236
125	240
125	243.63
123.5	245.5
129.21	224.57
129	230
129	234
129	238
128.7	241.8
133.21	222.57
133	228
133	232
133	236
132.7	239.6
137.21	220.57
137	226
137	230
137	234
136.7	237.3
141.21	218.57
141	224
141	228
141	232
140.5	235.13
145.21	216.57
145	222
145	226
145	230
144	232.75
149.21	214.57
149	220
149	224
149	228
147.5	230
153.21	212.57
153	218
153	222
153	225.88
151.5	228
157.21	210.57
157	216
157	220
157	223.88
155.5	225.5
161.21	208.57
161	214
161	218
161	221.63
159.5	223.5
165.21	206.57
165	212
165	216
165	219.63
163.5	221.5
169.33	203.67
169	208.5
169	212.5
169	216.25
168	218.5
173.33	201.67
173	206.5
173	210.5
173	214.13
172	216.5
177.21	199.57
177	205
177	209
177	212.63
175.5	214.5
181.21	197.57
181	203
181	207
181	210.5
179.5	212.5
185.33	194.67
185	199.5
185	203.5
185	207.13
184	209.5
189.33	192.67
189	197.5
189	201.5
188.9	205.5
187.5	207.5
193.21	190.57
193	196
193	200
193	203.5
191.5	205.5
197.21	188.57
197	194
197	198
196.7	201.8
201.21	186.29
201	191.75
201	195.75
200.7	199.6
205.33	183.67
205	188.5
205	192.5
204.9	196.5
203.5	198.5
209.33	181.33
209	186.25
209	190.25
208.9	194.3
207.5	196.5
213.21	179.57
213	185
213	189
212.7	192.8
217.21	177.57
217	183
217	187
216.7	190.6
221.21	175.57
221	181
221	185
220.7	188.6
225.33	172.67
225	177.5
225	181.5
224.9	185.5
223.5	187.5
229.33	170.67
229	175.5
229	179.5
228.9	183.5
227.5	185.5
233.33	168.67
233	173.5
233	177.5
232.9	181.5
231.5	183.5
237.33	166.67
237	171.5
237	175.5
236.9	179.5
235.5	181.5
241.33	164.67
241	169.5
241	173.5
240.9	177.5
239.5	179.5
245.33	162.67
245	167.5
245	171.5
244.9	175.5
243.5	177.5
249.33	160.67
249	165.5
249	169.5
248.9	173.5
247.5	175.5
253.33	158.67
253	163.5
253	167.5
252.9	171.5
251.5	173.5
257.33	156.67
257	161.5
257	165.5
256.9	169.5
255.5	171.5
261.33	154.67
261	159.5
261	163.5
260.9	167.5
259.5	169.5
265.33	152.67
265	157.5
265	161.5
264.9	165.5
263.5	167.5
269.33	150.67
269	155.5
269	159.5
268.9	163.5
267.5	165.5
273.21	149.57
273	155
273	159
272.7	162.6
277.21	147.57
277	153
277	157
276.7	160.6
281.21	145.57
281	151
281	155
280.7	158.6
285.21	143.57
285	149
285	153
284.7	156.6
289.21	141.57
289	147
289	151
288.7	154.4
293.21	139.57
293	145
293	149
292.7	152.4
297.33	137.67
297	142.5
297	146.5
296.67	150.33
301.3	135.4
301	139.75
301	143.75
300.67	148.08
305.33	134.67
305	139.5
305	143.5
304	146
308.21	99.71
308	105.25
307.7	109.5
309	113
309	132.33
309	137.25
309	141.25
308.7	145
310.1	94.2
311.21	117
312.21	100
312	105.5
312	109.5
312.21	128
313.21	91
313.3	122
313.21	135
313	140.5
313	143.75
315.21	113
315.17	118
316.21	96
316	101.5
316	105.5
316	108.5
316.21	128
317.21	87.29
317	92
317.3	122.4
317.21	135.29
317	140.75
317.17	143.17
319.33	113.33
319	118.25
320.21	97
320	102.5
320	106.5
320	109.5
320.21	129
321.21	84.29
321	89.75
321	93
321.3	123.4
321.21	136.29
320.7	141.9
323.33	114.33
323	119.25
323	144.25
324.21	98
324	103.5
324	107.5
324	110.5
324.21	130
325.21	81.29
325	86.75
325	90.75
325	94
325.3	124.4
325.21	137.29
325.17	142.33
327.33	115.33
327	120.25
327.3	146.2
328.21	99.29
328	104.75
328	108.75
328	112
328.21	131.29
329.21	78.57
329	84
329	88
329	92
327.5	94
329	125.5
329	138.67
329.17	143
331.21	116.71
331	122.25
331.21	148.5
332	103
332	107
332	111
332.21	129.43
332	135
333.33	75.33
333	80.25
333	84.25
333	88
332	90.75
333.3	138.8
333	143.5
335.3	116.4
335	120.75
335	124.75
335.3	148.4
335	153.42
336.33	104.67
336	109.5
335.83	113
336.3	129
336	133.5
337.21	73.29
337	78.75
337	82.75
336.7	86.6
337.3	137.6
337	142.25
337.17	146
339.33	119.33
339	124.25
339.33	151.33
338.67	156.58
340.21	103.29
340	108.75
340	112.75
340	116
340.3	128
340	132.75
341.21	70.57
341	76
341	80
341	83.5
339.5	85.5
341.21	138.57
341	144
341.17	147.67
341.9	159
343	121.83
343.21	153.29
344.21	100.57
344	106
344	110
343.5	113.17
342.5	116
344.33	128.33
344	133.25
345.33	67.33
345	72.25
345	76.25
344.9	80.4
343.5	82.5
345.3	137.4
345	142
345	146
345.17	150
346	157.81
347	123.5
347.25	161.38
348.33	97.33
348	102.25
348	106.25
347	108.75
348.3	127
348	131.75
349.21	65.29
349	70.75
349	74.75
348.7	78.6
349.3	136.4
349	140.75
349	144.75
349	148.75
349	152.75
350.3	157
351	161.25
352.21	95.29
352	100.75
352	104.63
350.5	106.5
352.3	123.4
352	127.75
352	131.75
353.21	62.57
353	68
353	72
353	75.5
351.5	77.5
353.3	135.6
353	140.25
353	144.25
353	148.25
353	152.25
354.3	156
355.3	161.2
356.21	92.57
356	98
356	101.88
354.5	104
356.33	121.33
356	126.25
356	130.25
357.21	59.57
357	65
357	69
357	72.63
355.5	74.5
357.3	133.6
356	138.5
357	142
357	146
357	150
358.21	156
359	161.13
360.33	89.33
360	94.25
360	98.25
359	100.75
360.21	119.57
360	125
360	129
361.33	56.33
361	61.25
361	65.25
361	69
360	71.5
359.5	132.5
361	144.25
361	148.25
361	152.25
362.3	156
363	160.38
364.21	87.29
364	92.75
364	96.75
362.5	98.5
364.33	116.33
364	121.25
364	125.25
363	128
365.21	53.57
365	59
365	63
365	66.88
363.5	69
365.33	145.67
365	150.5
366.3	154.2
366	158.5
368.21	84.57
368	90
368	94
366.5	96
368.21	114.29
368	119.75
368	123.75
366.5	126
369.21	50.29
369	55.75
369	59.75
369	63.75
368.5	66.25
369.33	143.33
369	148.25
370.3	152
370	156.38
368.5	158.5
372.33	81.33
372	86.25
372	90.25
371	93
372.33	111.33
372	116.25
372	120.25
371	123
373.21	47
373	52.5
373	56.5
373	60.5
373	63.38
373.21	141.29
373	146.75
374.21	152.5
372.5	155.5
376.21	79.29
376	84.75
376	88.75
374.5	91
376.21	109.29
376	114.75
376	118.75
374.5	121
377.21	43
377	48.5
377	52.5
377	56.5
376.7	60.3
377.33	138.33
377	143.25
377	147.25
378.3	150.8
376.5	153.5
380.21	76.57
380	82
380	86
378.5	88
380.21	106.57
380	112
380	116
378.5	118
381.21	39
381	44.5
381	48.5
381	52.5
381	56.38
379.5	58.5
381.21	136.29
381	141.75
381	145.75
382	149.88
384.33	73.33
384	78.25
384	82.25
383	85
384.33	103.33
384	108.25
384	112.25
383.83	115.17
385.21	35
385	40.5
385	44.5
385	48.5
385	52.5
385	55.38
385.21	133.57
385	139
385	143
385	146.88
388.21	71.29
388	76.75
388	80.75
386.5	83
388.21	101.29
388	106.75
388	110.75
387.5	113.25
389.21	31
389	36.5
389	40.5
389	44.5
389	48.5
388.7	52.3
389.33	130.33
389	135.25
389	139.25
389	143.25
388	146
392.21	68.57
392	74
392	78
390.5	80
392.21	98.57
392	104
392	108
391	110.75
393.21	27
393	32.5
393	36.5
393	40.5
393	44.5
393	48.38
391.5	50.5
393.21	128.29
393	133.75
393	137.75
393	141.75
391.5	144
396.21	65.57
396	71
396	75
395	77.75
396.33	95.33
396	100.25
396	104.25
395.5	107.75
397.21	23
397	28.5
397	32.5
397	36.5
397	40.5
397	44.5
397	47.38
397.33	125.33
397	130.25
397	134.25
397	138.25
396	140.75
400.33	62.33
400	67.25
400	71.25
399.7	74.9
400.21	93.29
400	98.75
400	102.75
399.5	105.25
401.21	19
401	24.5
401	28.5
401	32.5
401	36.5
401	40.5
400.7	44.2
401.21	123.29
401	128.75
401	132.75
401	136.75
399.5	139
404.21	60.29
404	65.75
404	69.75
403.5	72.67
404.21	90.57
404	96
404	100
403.83	102.67
405.21	15.29
405	20.75
405	24.75
405	28.75
405	32.75
405	36.75
405	40.38
403.5	42.5
405.21	120.57
405	126
405	130
405	134
403.5	136
408.21	57.29
408	62.75
408	66.75
407.7	70
408.33	87.33
408	92.25
408	96.25
407.7	99.9
409.21	12.86
409	18.25
409	22.25
409	26.25
409	30.25
409	34.25
409	37.75
407.5	39.5
409.21	118.29
409	123.75
409	127.75
409	131.75
407.5	134
412.21	54.57
412	60
412	64
411.7	67.2
412.21	85.29
412	90.75
412	94.75
411.5	97.67
413	10
413	14
413	18
413	22
413	26
413	30
412.79	35.21
413.21	115.57
413	121
413	125
413	129
412.83	131.67
416.33	51.33
416	56.25
416	60.25
415.67	64.17
416.21	82.57
416	88
416	92
415.5	95.13
417	10
417	14
417	18
417	22
417	26
417.3	30.6
416.5	33.67
417.33	112.33
417	117.25
417	121.25
417	125.25
416.7	128.9
420.21	49
420	54.5
420	58.5
419.7	61.9
420.33	79.33
420	84.25
420	88.25
419.7	91.9
421	10.25
421	14.25
421	18.25
421	22.25
421	26.25
420.7	30.8
421.21	110.29
421	115.75
421	119.75
421	123.75
420.7	127.1
422.3	33.5
424.21	45.86
424	51.25
424	55.25
423.7	58.7
424.21	77.29
424	82.75
424	86.75
423.7	90
425	12
425	16
425	20
425	24
425	28
425.33	107.33
425	112.25
425	116.25
425	120.25
424.67	124.25
426.3	31.8
426	36.5
426	40.5
428.33	44.67
428	49.75
428	53.63
427.5	56.5
428.21	74.57
428	80
428	84
427.7	87.2
429	14.5
429	18.5
429	22.5
429	26.5
429.21	105.29
429	110.75
429	114.75
429	118.75
428.7	122.3
430.3	31
430	35.5
430	39.5
432.33	44.5
432	49.5
431.7	53.4
432.33	71.33
432	76.25
432	80.25
431.67	84.17
433	18.5
433	22.5
433	26.5
433.21	102.57
433	108
433	112
433	116
432.7	119.8
434.3	31
434	35.5
434	39.5
436.33	44.5
436	49.5
436	52.88
436.21	69
436	74.5
436	78.5
435.7	81.9
437	22.5
437	26.5
437.33	99.33
437	104.25
437	108.25
437	112.25
437	116.13
436	118.5
438.3	31
438	35.5
438	39.5
440.1	44.2
440	48.75
439.7	53.2
440.21	65.29
440	70.75
440	74.75
439.7	78.5
440.5	26.33
441.3	56
441.21	97.29
441	102.75
441	106.75
441	110.75
441	114.75
440.5	117
442.1	30.8
442	35.25
442	39.25
443.33	60.5
444.21	45
444	50.5
444.3	66
444	70.5
444	74.25
443	76.75
445.3	55
445.21	94.57
445	100
445	104
445	108
445	112
444.7	115.2
446	32.5
446	36.5
446	40.5
447.33	60.5
448.1	45.2
448	49.75
448	65.75
448	69.75
447.7	73.7
449.1	54.6
449.21	92.29
449	97.75
449	101.75
449	105.75
449	109.75
448.7	113.2
449.5	36.67
450	40.25
451.21	61
452.21	46
452	51.5
452.3	67
451.7	71.8
453	55.75
453.5	72.83
453.21	89
453	94.5
453	98.5
453	102.5
453	106.5
452.7	110.6
453.5	41.33
455	61.33
456.21	47
456	52.5
456.33	67.5
457.3	57
457	73.33
457.21	85
457	90.5
457	94.5
457	98.5
457	102.5
457	106.5
456.7	110
458.3	76.6
459.1	62.6
459.5	48.67
460	52.25
460.1	67.8
461.33	57.5
461.21	81
461	86.5
461	90.5
461	94.5
461	98.5
461	102.5
461	106.38
460	108.75
462	73.67
463.1	63.6
463.5	53.67
464.1	68.8
465.33	58.5
465.21	78
465	83.5
465	87.5
465	91.5
465	95.5
465	99.5
465	103.5
464.5	106.5
467.1	64.2
467	71.67
468.5	59.67
469	78.33
469	83.25
469	87.25
469	91.25
469	95.25
469	99.25
469.3	103.5
468	106
470.21	68
471	73.75
471.5	63.33
473	79.33
473	84.25
473	88.25
473	92.25
473	96.25
473	100.25
472.7	103.9
474	68.67
475.1	74.6
477.21	81
477	86.5
477	90.5
477	94.5
477	98.5
476.25	102
477.5	71
479.1	75.6
481	81.67
481	86.75
481	90.75
481	94.75
480.7	98.9
482.5	77.67
484.9	83.4
485	88
485	91.88
484.25	95.75

