70	122.54
71.23	133.55
71	141.83
73.39	147.83
76.4	119.6
76	127.33
77.36	133.43
77	140.17
78.17	154.28
79	147
82	117.5
82	123.5
83.36	128.86
83	135.67
83	141.67
83.23	156.91
85.36	147.43
86.5	163.33
88	118.83
89.36	124.43
89	131.17
89	137.17
89.3	143.2
89.4	152.9
92.5	160.78
92	168.17
95	122
95	128
95	134
95	140
95	146
95	152
98.5	158.44
98	166
98	171.67
100.5	126.6
101	132.17
101	138.17
101	144.17
101	150.17
104.4	158.5
104	166.5
103.5	173
106.5	174.7
107	133.5
107	139.5
107	145.5
107	151.5
110.25	158.88
110	165.83
110.67	172.42
112.67	174.25
113	140
113	146
113	152
116.5	159.11
116	166.67
118	173.45
119	144.83
119	150.83
122.5	156.78
122	164.5
124.17	170.56
125	147.83
125.36	176.36
128.5	153.22
128	161
130.5	166.75
131.36	173.86
131	179.75
134	152
134	158
136.5	163.75
137.36	170.86
137	177.5
137	182.92
140	155
142.5	161
143.36	168
143	174.67
143	180.67
143	186.17
146.4	108.6
147.23	96.36
147	103
147	115.94
148	159.17
149.5	123.22
149.36	165
149	171.67
149	177.67
149	183.67
149	189.33
153	92
153	98
153	104
153	110
153	116
154.64	122.71
155	162.83
155	168.83
155	174.83
155	180.83
155	186.83
155	192.67
156.17	129.28
159	92
159	98
159	104
159	110
159	116
161	122
161.5	132.57
161	165.83
161	171.83
161	177.83
161	183.83
161	189.83
161	195.75
165	92.5
165	98.5
165	104.5
165	110.5
165	116.5
167.5	121.88
167	129.17
166.64	135.64
167	169
167	175
167	181
167	187
167	193
167	199
168.36	139.64
171	94.67
171	100.67
171	106.67
171	112.67
173.5	118.25
173	125.5
173	131.5
173	172
173	178
173	184
173	190
173	196
173	202
173.83	138.56
176.5	143.44
177	98.5
177	104.5
177	110.5
179.5	117.5
179	124.5
179	130.5
179	175.17
179	181.17
179	187.17
179	193.17
179	199.17
179	205.08
180.36	137
182.17	143.83
183	104
183	110
185.5	116.63
185	123.67
185	129.67
185	178.17
185	184.17
185	190.17
185	196.17
185	202.17
185	208.08
186.36	136
188	143.8
188.5	109.2
191.25	116.25
191	123.17
191	129.17
191	180.67
191	186.67
191	192.67
191	198.67
191	204.67
191.5	211.63
192.21	135.86
194.5	143
197	117.17
197	123.17
197	129.17
197	182.83
197	188.83
197	194.83
197	200.83
197	206.83
196.77	214.36
198.36	135
200	142.15
202.5	146.94
201.94	216.78
203	120
203	126
203	185.83
203	191.83
203	197.83
203	203.83
203	209.83
204.36	131.57
206.5	137.88
208	145.7
208.35	217.46
209	122.5
209	188
209	194
209	200
209	206
208.5	211.67
210.36	128.29
210.5	150.63
212.5	134.75
212.88	221.19
214.5	141.5
215	191
215	197
215	203
215	209
215	215
216	125.67
215.95	149.82
218.5	131.25
219.5	154.39
219.67	222.67
220.5	138.25
221	193
221	199
221	205
221	211
221	217
222.5	145.25
224	129.5
225.05	153.23
225.5	224.31
226.5	135
227.5	158.63
227	195
227	201
227	207
227	213
227.5	219
228.5	141.88
231.5	148.78
230.96	225.31
232	133
233.17	156.56
233	197.17
233	203.17
233	209.17
233	215.17
234.5	138.5
234.36	162.36
234.5	230.06
237.5	145.22
237.5	221
239.5	152.75
239	199
239	205
239	211
239	217
240	136.5
240	160.38
240	228.75
241.36	165.43
243.5	142.22
243.25	233
245.5	149.75
245	201.33
245	207.33
245	213.33
245	219.33
246.36	156.57
246.36	225.14
246.83	164.22
249	140.67
249.5	168.88
249.3	232.97
251.5	146.25
251	203.33
251	209.33
251	215.33
252.36	153.29
252.36	220.71
253.36	159.86
255.5	166.25
255	173.17
255.5	226.67
255	236.33
257	144.5
257	205.17
257	211.17
258.36	150.29
258.36	216.71
259.36	156.86
261.5	163.25
261	170.5
261	176.33
261.5	222.67
261	230.5
261	238.33
263	207.17
264	148.33
264.36	212.71
265.36	154.14
267.5	160.75
267	168
267	174
267	179.83
267.5	218.67
267	226.5
267	232.5
267	240.33
270	209.5
271	152.17
273.5	158.13
273	165.33
273	171.33
273	177.33
273	183.33
273.5	215
273	222.33
273	228.33
273	234.33
273	242.25
276.5	211.25
279	156.67
279	162.67
279	168.67
279	174.67
279	180.67
278.63	187.25
279.5	216.33
279	224.17
279	230.17
279	236.17
278.6	243.6
282.75	191.06
283.4	246.05
285	160.33
285	166.33
285	172.33
285	178.33
285	184.33
285	214
285	220
285	226
285	232
285	238
288	191.88
289	244.21
291	164.5
291	170.5
291	176.5
291	182.5
291.75	197.13
291	216.33
291	222.33
291	228.33
291	234.33
291.5	249.69
294.5	188.44
295.5	239.67
297	167.83
297	173.83
297	179.83
297.05	196.91
297	218.17
297	224.17
297	230.17
297.5	236.33
297	247.85
299.5	202.63
299.5	252.63
300.5	186
303	171.83
303	177.83
303.5	194.22
303	220.83
303	226.83
303	232.83
303	238.83
303	244.83
305.17	202.39
304.95	251.55
306.5	184.33
306.36	208.07
308.5	255.72
309	176.33
309.5	192.78
309	222.67
309	228.67
309	234.67
309	240.67
311.5	200.88
311.5	246
312.5	183.22
311.83	209.06
314.5	213.81
314.2	253.3
315.5	191.33
315	225
315	231
315	237
315.36	259.21
317.5	199.13
317.5	242.25
318	183
318.36	206.43
320	214
320.5	248.89
321.5	189.33
321.4	225
321	233.17
320.83	257.56
323	219
323.5	197.13
323.5	239.13
323.5	262.25
324.36	204.43
326.5	211.13
326.5	246.67
327	189
327.23	228.45
327.36	254.43
328.5	218.5
329.5	195.13
329.5	237.13
329	262
330.36	202.14
331.5	266.88
332.5	209
332.5	244.44
333.23	226.09
333.36	252
334.5	216.13
335	194
335.5	234.88
335.5	258.88
336.36	200
336.95	267.23
338.5	206.63
338.5	242.11
339.23	223.91
339.36	249.86
340.5	214
340.5	271.78
341.5	232.5
341.5	256.5
342	198.33
343.5	263.88
344.5	204.5
344.5	240
345.4	222.2
345.36	247.71
346.5	211.88
346	219
346.05	272.05
347.5	230.5
347.5	254.5
348	276
349.5	261.63
350	203.33
350.5	237.56
351.36	245.14
352.5	208.88
352	216.17
352	222.17
352.5	268.33
353.36	228
353.5	251.38
354	277.42
355.5	258.75
356.5	234.89
357.36	242.57
358	207.83
358	213.83
358	219.83
358.5	266.11
358.5	282.06
359.36	225.86
359.5	249.25
360.5	274
361.5	256.5
362.5	232.67
363.36	240.43
364	211.67
364	217.67
364.5	264
364.08	282.25
365.36	223.71
365.5	247.13
366.5	271.63
367.5	254
368.5	230
369.36	237.43
370	214.67
370.5	260.89
370.5	278.89
370.17	287.83
371.36	220.29
371.5	243.75
372.5	268.25
372.5	275.67
373.5	250.75
374.5	226.78
375.36	234.57
375	290.85
376.5	258
376.4	281.5
377	218.33
377.5	241.13
378.5	265.88
378	273
379.5	248.5
380.5	224.67
381.36	232.14
380.88	291
382.5	255.78
382.4	279.3
383.5	239
384.5	263.5
384	270.67
384.64	297
385.5	245.88
386	223.67
387.36	229.43
387.23	287.55
388.5	252.67
388.5	276.67
389.5	235.5
390.5	259.88
390	267.17
390.5	273.33
390.04	296.88
391.5	242.38
393	226.5
393.23	283.91
394.5	249.22
394.4	301.7
395.5	232.25
396.5	257
396	264.17
396	270.17
396	276.17
396.5	292.44
397.5	239.5
399.5	281.89
400.5	246.33
399.96	301.23
401	230.5
402.5	253.5
402	260.83
402	266.83
402	272.83
402.5	289
403.5	235.88
403.5	306.44
405.5	278.22
406.5	242.78
406.4	296.3
408.5	250.25
408	257.5
408	263.5
408	269.5
408.5	285.78
409	234
409.05	305.27
411.5	275.22
411.5	311.25
412.5	239.56
412.4	293.1
414.5	246.88
414	254.17
414	260.17
414	266.17
414.5	282.33
415.5	300.89
417.5	271.78
417.5	308.25
417	315.5
418	238
418.4	289.8
420.5	243.5
420	250.83
420	256.83
420	262.83
420.5	279
421.5	297.33
423.5	268.22
423.5	304.75
423	312
422.6	319.2
424.4	286.3
426	241.5
426	247.5
426	253.5
426	259.5
426.5	275.78
427.5	294.22
427.4	322.3
429.5	265
429.5	301.5
429	308.83
429	314.83
430.4	282.9
432	243.83
432	249.83
432	255.83
432.5	272
433.5	290.33
433	321.46
435.5	261.22
435.5	297.75
435	305
435	311
436.4	279.3
437	325.17
438	246.5
438	252.5
438.5	268.78
439.5	287.22
439.4	316.8
441.5	258
441.5	294.5
441	301.83
441	307.83
442.4	275.9
443.5	324.22
444	248.83
444.5	265
445.5	283.33
445.4	312.9
445.5	321.33
447.5	254
447.5	290.5
447	297.83
447	303.83
448.4	271.9
449.4	325.6
450.5	261.22
451.5	279.56
451.4	309.1
451	317.33
453	252.17
453.5	286.88
453	294.17
453	300.17
454.5	268.89
455	324.29
456.5	257.56
456.5	265.33
457.5	276
457.4	305.6
457	313.83
459.5	283.38
459	290.67
459	296.67
461.4	319.1
461	325.83
462	255.83
462	261.83
462	267.83
463.36	273.43
463.4	301.9
463	310.17
465.5	279.75
465	287
465	293
467.4	315.8
467	322.92
468	258.33
468	264.33
469.36	269.86
469.4	298.4
469	306.67
471.5	276.25
471	283.5
471	289.5
473.4	312.2
471.7	319.6
474	261.17
475.36	267.43
475.4	295.9
475	304
477.5	274.63
477	281.67
477	287.67
476.5	310
480.5	267
480.1	293.8
479	300.75
482.67	274.17
482	280.63
481.5	285.67

